KP,Easting,Northing,Time,Date,DCC,SD,Comments,Video,Anomaly,Bathy,DOB,ContactCP,ContinuousCP,CoverLocal,CoverMSB,Code1,Code2,Code3,Span,Exposure,Movement,WghtCt,Stab,SpanLength,SpanLengthOdom,SpanHeight,SpanDEI,Location,Offset,DimX,DimY,DimZ,Anomlink,VideoCount,UniqueID,Dummy3,Dummy4,DummyString
0.1885,309627.500,5950229.000,080000,26072025,2.401,,Protective structure,,nan,,,-991,-991,,,4,2,0,,,,,,,,,,,,,,,,,,,,
0.1996,309634.820,5950237.280,080000,26072025,2.339,,Protective structure,,nan,,,-991,-991,,,4,2,0,,,,,,,,,,,,,,,,,,,,
0.1760,309619.130,5950219.640,080000,26072025,2.400,,Protective structure,,nan,,,-994,-993,,,4,2,0,,,,,,,,,,,,,,,,,,,,
0.1914,309626.110,5950234.090,080000,26072025,-2.028,,Protective structure,,nan,,,-993,-990,,,4,2,0,,,,,,,,,,,,,,,,,,,,
0.1500,309600.018,5950201.865,080000,26072025,0.000,,Start of MBES Survey,,,,,-998,-996,,,12,1,0,,,,,,,,,,,,,,,,,,,,
1.2700,310345.075,5951038.632,080000,26072025,0.000,,End of MBES Survey,,,,,-1004,-1003,,,12,2,0,,,,,,,,,,,,,,,,,,,,
0.1500,309600.018,5950201.865,080000,26072025,0.000,,Nav Marker,,,,,-998,-996,0.1,0.05,0,0,0,0,1,,,,,,,,,,,,,,,,,,
0.1620,309608.019,5950210.814,080000,26072025,0.000,,Nav Marker,,,,,-996,-994,0.09,0.11,0,0,0,0,1,,,,,,,,,,,,,,,,,,
0.1740,309616.021,5950219.763,080000,26072025,0.000,,Nav Marker,,,,,-994,-992,0.09,-0.24,0,0,0,0,1,,,,,,,,,,,,,,,,,,
0.1860,309624.022,5950228.712,080000,26072025,0.000,,Nav Marker,,,,,-987,-990,0.1,-0.26,0,0,0,0,1,,,,,,,,,,,,,,,,,,
0.1980,309632.023,5950237.661,080000,26072025,0.000,,Nav Marker,,,,,-991,-990,0.22,0.01,0,0,0,0,1,,,,,,,,,,,,,,,,,,
0.2100,309640.025,5950246.611,080000,26072025,0.000,,Nav Marker,,,,,-992,-993,0.09,0.04,0,0,0,0,1,,,,,,,,,,,,,,,,,,
0.2220,309648.026,5950255.560,080000,26072025,0.000,,Nav Marker,,,,,-995,-993,0.1,0.05,0,0,0,0,1,,,,,,,,,,,,,,,,,,
0.2340,309656.028,5950264.509,080000,26072025,0.000,,Nav Marker,,,,,-996,-995,0.13,0.09,0,0,0,0,1,,,,,,,,,,,,,,,,,,
0.2460,309664.029,5950273.458,080000,26072025,0.000,,Nav Marker,,,,,-995,-996,0.13,0.05,0,0,0,0,1,,,,,,,,,,,,,,,,,,
0.2580,309672.031,5950282.407,080000,26072025,0.000,,Nav Marker,,,,,-997,-995,0.11,0.06,0,0,0,0,1,,,,,,,,,,,,,,,,,,
0.2700,309680.032,5950291.356,080000,26072025,0.000,,Nav Marker,,,,,-996,-997,0.1,-0.03,0,0,0,0,1,,,,,,,,,,,,,,,,,,
0.2820,309688.033,5950300.306,080000,26072025,0.000,,Nav Marker,,,,,-990,-995,0.08,-0.11,0,0,0,0,1,,,,,,,,,,,,,,,,,,
0.2940,309696.035,5950309.255,080000,26072025,0.000,,Nav Marker,,,,,-997,-996,0.1,0.11,0,0,0,0,1,,,,,,,,,,,,,,,,,,
0.3060,309704.036,5950318.204,080000,26072025,0.000,,Nav Marker,,,,,-990,-998,0.1,0.06,0,0,0,0,1,,,,,,,,,,,,,,,,,,
0.3180,309712.038,5950327.153,080000,26072025,0.000,,Nav Marker,,,,,-985,-996,0.09,-0.08,0,0,0,0,1,,,,,,,,,,,,,,,,,,
0.3300,309720.039,5950336.102,080000,26072025,0.000,,Nav Marker,,,,,-999,-998,0.1,0.19,0,0,0,0,1,,,,,,,,,,,,,,,,,,
0.3420,309728.040,5950345.051,080000,26072025,0.000,,Nav Marker,,,,,-997,-1000,0.1,0.0,0,0,0,0,1,,,,,,,,,,,,,,,,,,
0.3540,309736.042,5950354.001,080000,26072025,0.000,,Nav Marker,,,,,-999,-998,0.11,0.19,0,0,0,0,1,,,,,,,,,,,,,,,,,,
0.3660,309744.043,5950362.950,080000,26072025,0.000,,Nav Marker,,,,,-997,-998,0.1,0.15,0,0,0,0,1,,,,,,,,,,,,,,,,,,
0.3780,309752.045,5950371.899,080000,26072025,0.000,,Nav Marker,,,,,-999,-998,0.09,0.04,0,0,0,0,1,,,,,,,,,,,,,,,,,,
0.3900,309760.046,5950380.848,080000,26072025,0.000,,Nav Marker,,,,,-999,-998,0.07,-0.08,0,0,0,0,1,,,,,,,,,,,,,,,,,,
0.4020,309768.048,5950389.797,080000,26072025,0.000,,Nav Marker,,,,,-1000,-998,0.1,-0.03,0,0,0,0,1,,,,,,,,,,,,,,,,,,
0.4140,309776.049,5950398.747,080000,26072025,0.000,,Nav Marker,,,,,-999,-999,0.08,0.05,0,0,0,0,1,,,,,,,,,,,,,,,,,,
0.4260,309784.050,5950407.696,080000,26072025,0.000,,Nav Marker,,,,,-999,-998,0.07,-0.02,0,0,0,0,1,,,,,,,,,,,,,,,,,,
0.4380,309792.052,5950416.645,080000,26072025,0.000,,Nav Marker,,,,,-1000,-999,0.08,0.11,0,0,0,0,1,,,,,,,,,,,,,,,,,,
0.4500,309800.053,5950425.594,080000,26072025,0.000,,Nav Marker,,,,,-1000,-1000,0.11,0.05,0,0,0,0,1,,,,,,,,,,,,,,,,,,
0.4620,309808.055,5950434.543,080000,26072025,0.000,,Nav Marker,,,,,-999,-1000,0.13,0.1,0,0,0,0,1,,,,,,,,,,,,,,,,,,
0.4740,309816.056,5950443.492,080000,26072025,0.000,,Nav Marker,,,,,-1000,-1000,0.15,0.04,0,0,0,0,1,,,,,,,,,,,,,,,,,,
0.4860,309824.057,5950452.442,080000,26072025,0.000,,Nav Marker,,,,,-1001,-999,0.08,-0.02,0,0,0,0,1,,,,,,,,,,,,,,,,,,
0.4980,309832.059,5950461.391,080000,26072025,0.000,,Nav Marker,,,,,-1000,-999,0.1,0.02,0,0,0,0,1,,,,,,,,,,,,,,,,,,
0.5100,309840.060,5950470.340,080000,26072025,0.000,,Nav Marker,,,,,-999,-998,0.08,0.08,0,0,0,0,1,,,,,,,,,,,,,,,,,,
0.5220,309848.062,5950479.289,080000,26072025,0.000,,Nav Marker,,,,,-999,-1001,0.07,-0.0,0,0,0,0,1,,,,,,,,,,,,,,,,,,
0.5340,309856.063,5950488.238,080000,26072025,0.000,,Nav Marker,,,,,-995,-998,0.05,0.06,0,0,0,0,1,,,,,,,,,,,,,,,,,,
0.5460,309864.065,5950497.187,080000,26072025,0.000,,Nav Marker,,,,,-1000,-1001,0.04,0.04,0,0,0,0,1,,,,,,,,,,,,,,,,,,
0.5580,309872.066,5950506.137,080000,26072025,0.000,,Nav Marker,,,,,-1000,-1001,0.04,0.07,0,0,0,0,1,,,,,,,,,,,,,,,,,,
0.5700,309880.067,5950515.086,080000,26072025,0.000,,Nav Marker,,,,,-993,-1000,0.04,0.05,0,0,0,0,1,,,,,,,,,,,,,,,,,,
0.5820,309888.069,5950524.035,080000,26072025,0.000,,Nav Marker,,,,,-1001,-1000,0.04,0.0,0,0,0,0,1,,,,,,,,,,,,,,,,,,
0.5940,309896.070,5950532.984,080000,26072025,0.000,,Nav Marker,,,,,-1001,-1001,0.05,0.08,0,0,0,0,1,,,,,,,,,,,,,,,,,,
0.6060,309904.072,5950541.933,080000,26072025,0.000,,Nav Marker,,,,,-1001,-1000,0.04,0.03,0,0,0,0,1,,,,,,,,,,,,,,,,,,
0.6180,309912.073,5950550.882,080000,26072025,0.000,,Nav Marker,,,,,-1001,-1002,0.03,0.04,0,0,0,0,1,,,,,,,,,,,,,,,,,,
0.6300,309920.075,5950559.832,080000,26072025,0.000,,Nav Marker,,,,,-1001,-1001,0.03,0.02,0,0,0,0,1,,,,,,,,,,,,,,,,,,
0.6420,309928.076,5950568.781,080000,26072025,0.000,,Nav Marker,,,,,-1001,-1000,0.03,0.0,0,0,0,0,1,,,,,,,,,,,,,,,,,,
0.6540,309936.077,5950577.730,080000,26072025,0.000,,Nav Marker,,,,,-1000,-1001,0.02,-0.05,0,0,0,0,1,,,,,,,,,,,,,,,,,,
0.6660,309944.079,5950586.679,080000,26072025,0.000,,Nav Marker,,,,,-1001,-1001,0.03,-0.06,0,0,0,0,1,,,,,,,,,,,,,,,,,,
0.6780,309952.080,5950595.628,080000,26072025,0.000,,Nav Marker,,,,,-1001,-1001,0.03,0.01,0,0,0,0,1,,,,,,,,,,,,,,,,,,
0.6900,309960.082,5950604.578,080000,26072025,0.000,,Nav Marker,,,,,-1000,-1003,0.03,0.01,0,0,0,0,1,,,,,,,,,,,,,,,,,,
0.7020,309968.083,5950613.527,080000,26072025,0.000,,Nav Marker,,,,,-1002,-1001,0.01,0.02,0,0,0,0,1,,,,,,,,,,,,,,,,,,
0.7140,309976.084,5950622.476,080000,26072025,0.000,,Nav Marker,,,,,-1001,-1000,0.02,0.03,0,0,0,0,1,,,,,,,,,,,,,,,,,,
0.7260,309984.086,5950631.425,080000,26072025,0.000,,Nav Marker,,,,,-998,-1001,0.03,0.06,0,0,0,0,1,,,,,,,,,,,,,,,,,,
0.7380,309992.087,5950640.374,080000,26072025,0.000,,Nav Marker,,,,,-1001,-999,0.07,0.02,0,0,0,0,1,,,,,,,,,,,,,,,,,,
0.7500,310000.089,5950649.323,080000,26072025,0.000,,Nav Marker,,,,,-1001,-1002,0.02,0.02,0,0,0,0,1,,,,,,,,,,,,,,,,,,
0.7620,310008.081,5950658.281,080000,26072025,0.000,,Nav Marker,,,,,-1001,-1002,0.03,0.03,0,0,0,0,1,,,,,,,,,,,,,,,,,,
0.7740,310015.984,5950667.317,080000,26072025,0.000,,Nav Marker,,,,,-1001,-1002,0.05,0.08,0,0,0,0,1,,,,,,,,,,,,,,,,,,
0.7860,310023.887,5950676.353,080000,26072025,0.000,,Nav Marker,,,,,-1001,-1002,0.05,0.1,0,0,0,0,1,,,,,,,,,,,,,,,,,,
0.7980,310031.791,5950685.390,080000,26072025,0.000,,Nav Marker,,,,,-1001,-1001,0.04,0.07,0,0,0,0,1,,,,,,,,,,,,,,,,,,
0.8100,310039.694,5950694.426,080000,26072025,0.000,,Nav Marker,,,,,-1001,-1002,0.03,0.02,0,0,0,0,1,,,,,,,,,,,,,,,,,,
0.8220,310047.598,5950703.462,080000,26072025,0.000,,Nav Marker,,,,,-1001,-1002,0.04,0.03,0,0,0,0,1,,,,,,,,,,,,,,,,,,
0.8340,310055.501,5950712.498,080000,26072025,0.000,,Nav Marker,,,,,-1002,-1002,0.06,0.05,0,0,0,0,1,,,,,,,,,,,,,,,,,,
0.8460,310063.404,5950721.534,080000,26072025,0.000,,Nav Marker,,,,,-1002,-1002,0.04,0.02,0,0,0,0,1,,,,,,,,,,,,,,,,,,
0.8580,310071.308,5950730.570,080000,26072025,0.000,,Nav Marker,,,,,-1002,-1002,0.03,0.04,0,0,0,0,1,,,,,,,,,,,,,,,,,,
0.8700,310079.211,5950739.607,080000,26072025,0.000,,Nav Marker,,,,,-1002,-1001,0.07,0.01,0,0,0,0,1,,,,,,,,,,,,,,,,,,
0.8820,310087.115,5950748.643,080000,26072025,0.000,,Nav Marker,,,,,-1002,-1001,0.04,0.02,0,0,0,0,1,,,,,,,,,,,,,,,,,,
0.8940,310095.018,5950757.679,080000,26072025,0.000,,Nav Marker,,,,,-997,-1001,0.04,-0.02,0,0,0,0,1,,,,,,,,,,,,,,,,,,
0.9060,310102.921,5950766.715,080000,26072025,0.000,,Nav Marker,,,,,-1002,-1002,0.05,0.03,0,0,0,0,1,,,,,,,,,,,,,,,,,,
0.9180,310110.825,5950775.751,080000,26072025,0.000,,Nav Marker,,,,,-1001,-1001,0.05,0.04,0,0,0,0,1,,,,,,,,,,,,,,,,,,
0.9300,310118.728,5950784.788,080000,26072025,0.000,,Nav Marker,,,,,-998,-1002,0.04,-0.02,0,0,0,0,1,,,,,,,,,,,,,,,,,,
0.9420,310126.632,5950793.824,080000,26072025,0.000,,Nav Marker,,,,,-1001,-1002,0.05,0.0,0,0,0,0,1,,,,,,,,,,,,,,,,,,
0.9540,310134.535,5950802.860,080000,26072025,0.000,,Nav Marker,,,,,-1002,-1002,0.04,-0.0,0,0,0,0,1,,,,,,,,,,,,,,,,,,
0.9660,310142.438,5950811.896,080000,26072025,0.000,,Nav Marker,,,,,-1003,-1001,0.03,-0.04,0,0,0,0,1,,,,,,,,,,,,,,,,,,
0.9780,310150.342,5950820.932,080000,26072025,0.000,,Nav Marker,,,,,-1002,-1003,0.04,-0.05,0,0,0,0,1,,,,,,,,,,,,,,,,,,
0.9900,310158.245,5950829.968,080000,26072025,0.000,,Nav Marker,,,,,-1003,-1004,0.05,-0.03,0,0,0,0,1,,,,,,,,,,,,,,,,,,
1.0020,310166.149,5950839.005,080000,26072025,0.000,,Nav Marker,,,,,-1003,-1004,0.03,-0.04,0,0,0,0,1,,,,,,,,,,,,,,,,,,
1.0140,310174.052,5950848.041,080000,26072025,0.000,,Nav Marker,,,,,-1003,-1003,0.03,-0.05,0,0,0,0,1,,,,,,,,,,,,,,,,,,
1.0260,310181.955,5950857.077,080000,26072025,0.000,,Nav Marker,,,,,-1003,-1004,0.04,-0.02,0,0,0,0,1,,,,,,,,,,,,,,,,,,
1.0380,310189.859,5950866.113,080000,26072025,0.000,,Nav Marker,,,,,-1003,-1003,0.03,-0.0,0,0,0,0,1,,,,,,,,,,,,,,,,,,
1.0500,310197.762,5950875.149,080000,26072025,0.000,,Nav Marker,,,,,-1002,-1003,0.04,-0.0,0,0,0,0,1,,,,,,,,,,,,,,,,,,
1.0620,310205.666,5950884.186,080000,26072025,0.000,,Nav Marker,,,,,-1002,-1003,0.04,0.01,0,0,0,0,1,,,,,,,,,,,,,,,,,,
1.0740,310213.569,5950893.222,080000,26072025,0.000,,Nav Marker,,,,,-1002,-1003,0.04,0.0,0,0,0,0,1,,,,,,,,,,,,,,,,,,
1.0860,310221.472,5950902.258,080000,26072025,0.000,,Nav Marker,,,,,-1002,-1003,0.05,-0.0,0,0,0,0,1,,,,,,,,,,,,,,,,,,
1.0980,310229.387,5950911.284,080000,26072025,0.000,,Nav Marker,,,,,-1003,-1003,0.03,0.03,0,0,0,0,1,,,,,,,,,,,,,,,,,,
1.1100,310237.560,5950920.077,080000,26072025,0.000,,Nav Marker,,,,,-996,-1003,0.05,0.06,0,0,0,0,1,,,,,,,,,,,,,,,,,,
1.1220,310245.732,5950928.870,080000,26072025,0.000,,Nav Marker,,,,,-1003,-1003,0.05,0.07,0,0,0,0,1,,,,,,,,,,,,,,,,,,
1.1340,310253.905,5950937.663,080000,26072025,0.000,,Nav Marker,,,,,-1003,-1003,0.04,0.05,0,0,0,0,1,,,,,,,,,,,,,,,,,,
1.1460,310262.077,5950946.456,080000,26072025,0.000,,Nav Marker,,,,,-1003,-1003,0.04,0.1,0,0,0,0,1,,,,,,,,,,,,,,,,,,
1.1580,310270.250,5950955.250,080000,26072025,0.000,,Nav Marker,,,,,-1004,-1004,0.03,0.04,0,0,0,0,1,,,,,,,,,,,,,,,,,,
1.1700,310278.422,5950964.043,080000,26072025,0.000,,Nav Marker,,,,,-1002,-1004,0.03,0.02,0,0,0,0,1,,,,,,,,,,,,,,,,,,
1.1820,310286.595,5950972.836,080000,26072025,0.000,,Nav Marker,,,,,-1004,-1003,0.06,0.05,0,0,0,0,1,,,,,,,,,,,,,,,,,,
1.1940,310294.767,5950981.629,080000,26072025,0.000,,Nav Marker,,,,,-1004,-1004,0.05,0.03,0,0,0,0,1,,,,,,,,,,,,,,,,,,
1.2060,310302.789,5950990.559,080000,26072025,0.000,,Nav Marker,,,,,-1004,-1004,0.03,-0.18,0,0,0,0,1,,,,,,,,,,,,,,,,,,
1.2180,310310.718,5950999.572,080000,26072025,0.000,,Nav Marker,,,,,-1004,-1003,0.05,-0.15,0,0,0,0,1,,,,,,,,,,,,,,,,,,
1.2300,310318.646,5951008.586,080000,26072025,0.000,,Nav Marker,,,,,-1004,-1003,0.05,0.03,0,0,0,0,1,,,,,,,,,,,,,,,,,,
1.2420,310326.575,5951017.600,080000,26072025,0.000,,Nav Marker,,,,,-1004,-1003,0.03,-0.01,0,0,0,0,1,,,,,,,,,,,,,,,,,,
1.2540,310334.504,5951026.614,080000,26072025,0.000,,Nav Marker,,,,,-1004,-1003,0.04,0.03,0,0,0,0,1,,,,,,,,,,,,,,,,,,
1.2660,310342.432,5951035.628,080000,26072025,0.000,,Nav Marker,,,,,-1004,-1003,0.02,0.03,0,0,0,0,1,,,,,,,,,,,,,,,,,,
0.1500,309600.018,5950201.865,080000,26072025,0.000,,Nav Marker,,,,,-998,-996,0.1,0.05,0,0,0,0,1,,,,,,,,,,,,,,,,,,
0.1620,309608.019,5950210.814,080000,26072025,0.000,,Nav Marker,,,,,-996,-994,0.09,0.11,0,0,0,0,1,,,,,,,,,,,,,,,,,,
0.1740,309616.021,5950219.763,080000,26072025,0.000,,Nav Marker,,,,,-994,-992,0.09,-0.24,0,0,0,0,1,,,,,,,,,,,,,,,,,,
0.1860,309624.022,5950228.712,080000,26072025,0.000,,Nav Marker,,,,,-987,-990,0.1,-0.26,0,0,0,0,1,,,,,,,,,,,,,,,,,,
0.1980,309632.023,5950237.661,080000,26072025,0.000,,Nav Marker,,,,,-991,-990,0.22,0.01,0,0,0,0,1,,,,,,,,,,,,,,,,,,
0.2100,309640.025,5950246.611,080000,26072025,0.000,,Nav Marker,,,,,-992,-993,0.09,0.04,0,0,0,0,1,,,,,,,,,,,,,,,,,,
0.2220,309648.026,5950255.560,080000,26072025,0.000,,Nav Marker,,,,,-995,-993,0.1,0.05,0,0,0,0,1,,,,,,,,,,,,,,,,,,
0.2340,309656.028,5950264.509,080000,26072025,0.000,,Nav Marker,,,,,-996,-995,0.13,0.09,0,0,0,0,1,,,,,,,,,,,,,,,,,,
0.2460,309664.029,5950273.458,080000,26072025,0.000,,Nav Marker,,,,,-995,-996,0.13,0.05,0,0,0,0,1,,,,,,,,,,,,,,,,,,
0.2580,309672.031,5950282.407,080000,26072025,0.000,,Nav Marker,,,,,-997,-995,0.11,0.06,0,0,0,0,1,,,,,,,,,,,,,,,,,,
0.2700,309680.032,5950291.356,080000,26072025,0.000,,Nav Marker,,,,,-996,-997,0.1,-0.03,0,0,0,0,1,,,,,,,,,,,,,,,,,,
0.2820,309688.033,5950300.306,080000,26072025,0.000,,Nav Marker,,,,,-990,-995,0.08,-0.11,0,0,0,0,1,,,,,,,,,,,,,,,,,,
0.2940,309696.035,5950309.255,080000,26072025,0.000,,Nav Marker,,,,,-997,-996,0.1,0.11,0,0,0,0,1,,,,,,,,,,,,,,,,,,
0.3060,309704.036,5950318.204,080000,26072025,0.000,,Nav Marker,,,,,-990,-998,0.1,0.06,0,0,0,0,1,,,,,,,,,,,,,,,,,,
0.3180,309712.038,5950327.153,080000,26072025,0.000,,Nav Marker,,,,,-985,-996,0.09,-0.08,0,0,0,0,1,,,,,,,,,,,,,,,,,,
0.3300,309720.039,5950336.102,080000,26072025,0.000,,Nav Marker,,,,,-999,-998,0.1,0.19,0,0,0,0,1,,,,,,,,,,,,,,,,,,
0.3420,309728.040,5950345.051,080000,26072025,0.000,,Nav Marker,,,,,-997,-1000,0.1,0.0,0,0,0,0,1,,,,,,,,,,,,,,,,,,
0.3540,309736.042,5950354.001,080000,26072025,0.000,,Nav Marker,,,,,-999,-998,0.11,0.19,0,0,0,0,1,,,,,,,,,,,,,,,,,,
0.3660,309744.043,5950362.950,080000,26072025,0.000,,Nav Marker,,,,,-997,-998,0.1,0.15,0,0,0,0,1,,,,,,,,,,,,,,,,,,
0.3780,309752.045,5950371.899,080000,26072025,0.000,,Nav Marker,,,,,-999,-998,0.09,0.04,0,0,0,0,1,,,,,,,,,,,,,,,,,,
0.3900,309760.046,5950380.848,080000,26072025,0.000,,Nav Marker,,,,,-999,-998,0.07,-0.08,0,0,0,0,1,,,,,,,,,,,,,,,,,,
0.4020,309768.048,5950389.797,080000,26072025,0.000,,Nav Marker,,,,,-1000,-998,0.1,-0.03,0,0,0,0,1,,,,,,,,,,,,,,,,,,
0.4140,309776.049,5950398.747,080000,26072025,0.000,,Nav Marker,,,,,-999,-999,0.08,0.05,0,0,0,0,1,,,,,,,,,,,,,,,,,,
0.4260,309784.050,5950407.696,080000,26072025,0.000,,Nav Marker,,,,,-999,-998,0.07,-0.02,0,0,0,0,1,,,,,,,,,,,,,,,,,,
0.4380,309792.052,5950416.645,080000,26072025,0.000,,Nav Marker,,,,,-1000,-999,0.08,0.11,0,0,0,0,1,,,,,,,,,,,,,,,,,,
0.4500,309800.053,5950425.594,080000,26072025,0.000,,Nav Marker,,,,,-1000,-1000,0.11,0.05,0,0,0,0,1,,,,,,,,,,,,,,,,,,
0.4620,309808.055,5950434.543,080000,26072025,0.000,,Nav Marker,,,,,-999,-1000,0.13,0.1,0,0,0,0,1,,,,,,,,,,,,,,,,,,
0.4740,309816.056,5950443.492,080000,26072025,0.000,,Nav Marker,,,,,-1000,-1000,0.15,0.04,0,0,0,0,1,,,,,,,,,,,,,,,,,,
0.4860,309824.057,5950452.442,080000,26072025,0.000,,Nav Marker,,,,,-1001,-999,0.08,-0.02,0,0,0,0,1,,,,,,,,,,,,,,,,,,
0.4980,309832.059,5950461.391,080000,26072025,0.000,,Nav Marker,,,,,-1000,-999,0.1,0.02,0,0,0,0,1,,,,,,,,,,,,,,,,,,
0.5100,309840.060,5950470.340,080000,26072025,0.000,,Nav Marker,,,,,-999,-998,0.08,0.08,0,0,0,0,1,,,,,,,,,,,,,,,,,,
0.5220,309848.062,5950479.289,080000,26072025,0.000,,Nav Marker,,,,,-999,-1001,0.07,-0.0,0,0,0,0,1,,,,,,,,,,,,,,,,,,
0.5340,309856.063,5950488.238,080000,26072025,0.000,,Nav Marker,,,,,-995,-998,0.05,0.06,0,0,0,0,1,,,,,,,,,,,,,,,,,,
0.5460,309864.065,5950497.187,080000,26072025,0.000,,Nav Marker,,,,,-1000,-1001,0.04,0.04,0,0,0,0,1,,,,,,,,,,,,,,,,,,
0.5580,309872.066,5950506.137,080000,26072025,0.000,,Nav Marker,,,,,-1000,-1001,0.04,0.07,0,0,0,0,1,,,,,,,,,,,,,,,,,,
0.5700,309880.067,5950515.086,080000,26072025,0.000,,Nav Marker,,,,,-993,-1000,0.04,0.05,0,0,0,0,1,,,,,,,,,,,,,,,,,,
0.5820,309888.069,5950524.035,080000,26072025,0.000,,Nav Marker,,,,,-1001,-1000,0.04,0.0,0,0,0,0,1,,,,,,,,,,,,,,,,,,
0.5940,309896.070,5950532.984,080000,26072025,0.000,,Nav Marker,,,,,-1001,-1001,0.05,0.08,0,0,0,0,1,,,,,,,,,,,,,,,,,,
0.6060,309904.072,5950541.933,080000,26072025,0.000,,Nav Marker,,,,,-1001,-1000,0.04,0.03,0,0,0,0,1,,,,,,,,,,,,,,,,,,
0.6180,309912.073,5950550.882,080000,26072025,0.000,,Nav Marker,,,,,-1001,-1002,0.03,0.04,0,0,0,0,1,,,,,,,,,,,,,,,,,,
0.6300,309920.075,5950559.832,080000,26072025,0.000,,Nav Marker,,,,,-1001,-1001,0.03,0.02,0,0,0,0,1,,,,,,,,,,,,,,,,,,
0.6420,309928.076,5950568.781,080000,26072025,0.000,,Nav Marker,,,,,-1001,-1000,0.03,0.0,0,0,0,0,1,,,,,,,,,,,,,,,,,,
0.6540,309936.077,5950577.730,080000,26072025,0.000,,Nav Marker,,,,,-1000,-1001,0.02,-0.05,0,0,0,0,1,,,,,,,,,,,,,,,,,,
0.6660,309944.079,5950586.679,080000,26072025,0.000,,Nav Marker,,,,,-1001,-1001,0.03,-0.06,0,0,0,0,1,,,,,,,,,,,,,,,,,,
0.6780,309952.080,5950595.628,080000,26072025,0.000,,Nav Marker,,,,,-1001,-1001,0.03,0.01,0,0,0,0,1,,,,,,,,,,,,,,,,,,
0.6900,309960.082,5950604.578,080000,26072025,0.000,,Nav Marker,,,,,-1000,-1003,0.03,0.01,0,0,0,0,1,,,,,,,,,,,,,,,,,,
0.7020,309968.083,5950613.527,080000,26072025,0.000,,Nav Marker,,,,,-1002,-1001,0.01,0.02,0,0,0,0,1,,,,,,,,,,,,,,,,,,
0.7140,309976.084,5950622.476,080000,26072025,0.000,,Nav Marker,,,,,-1001,-1000,0.02,0.03,0,0,0,0,1,,,,,,,,,,,,,,,,,,
0.7260,309984.086,5950631.425,080000,26072025,0.000,,Nav Marker,,,,,-998,-1001,0.03,0.06,0,0,0,0,1,,,,,,,,,,,,,,,,,,
0.7380,309992.087,5950640.374,080000,26072025,0.000,,Nav Marker,,,,,-1001,-999,0.07,0.02,0,0,0,0,1,,,,,,,,,,,,,,,,,,
0.7500,310000.089,5950649.323,080000,26072025,0.000,,Nav Marker,,,,,-1001,-1002,0.02,0.02,0,0,0,0,1,,,,,,,,,,,,,,,,,,
0.7620,310008.081,5950658.281,080000,26072025,0.000,,Nav Marker,,,,,-1001,-1002,0.03,0.03,0,0,0,0,1,,,,,,,,,,,,,,,,,,
0.7740,310015.984,5950667.317,080000,26072025,0.000,,Nav Marker,,,,,-1001,-1002,0.05,0.08,0,0,0,0,1,,,,,,,,,,,,,,,,,,
0.7860,310023.887,5950676.353,080000,26072025,0.000,,Nav Marker,,,,,-1001,-1002,0.05,0.1,0,0,0,0,1,,,,,,,,,,,,,,,,,,
0.7980,310031.791,5950685.390,080000,26072025,0.000,,Nav Marker,,,,,-1001,-1001,0.04,0.07,0,0,0,0,1,,,,,,,,,,,,,,,,,,
0.8100,310039.694,5950694.426,080000,26072025,0.000,,Nav Marker,,,,,-1001,-1002,0.03,0.02,0,0,0,0,1,,,,,,,,,,,,,,,,,,
0.8220,310047.598,5950703.462,080000,26072025,0.000,,Nav Marker,,,,,-1001,-1002,0.04,0.03,0,0,0,0,1,,,,,,,,,,,,,,,,,,
0.8340,310055.501,5950712.498,080000,26072025,0.000,,Nav Marker,,,,,-1002,-1002,0.06,0.05,0,0,0,0,1,,,,,,,,,,,,,,,,,,
0.8460,310063.404,5950721.534,080000,26072025,0.000,,Nav Marker,,,,,-1002,-1002,0.04,0.02,0,0,0,0,1,,,,,,,,,,,,,,,,,,
0.8580,310071.308,5950730.570,080000,26072025,0.000,,Nav Marker,,,,,-1002,-1002,0.03,0.04,0,0,0,0,1,,,,,,,,,,,,,,,,,,
0.8700,310079.211,5950739.607,080000,26072025,0.000,,Nav Marker,,,,,-1002,-1001,0.07,0.01,0,0,0,0,1,,,,,,,,,,,,,,,,,,
0.8820,310087.115,5950748.643,080000,26072025,0.000,,Nav Marker,,,,,-1002,-1001,0.04,0.02,0,0,0,0,1,,,,,,,,,,,,,,,,,,
0.8940,310095.018,5950757.679,080000,26072025,0.000,,Nav Marker,,,,,-997,-1001,0.04,-0.02,0,0,0,0,1,,,,,,,,,,,,,,,,,,
0.9060,310102.921,5950766.715,080000,26072025,0.000,,Nav Marker,,,,,-1002,-1002,0.05,0.03,0,0,0,0,1,,,,,,,,,,,,,,,,,,
0.9180,310110.825,5950775.751,080000,26072025,0.000,,Nav Marker,,,,,-1001,-1001,0.05,0.04,0,0,0,0,1,,,,,,,,,,,,,,,,,,
0.9300,310118.728,5950784.788,080000,26072025,0.000,,Nav Marker,,,,,-998,-1002,0.04,-0.02,0,0,0,0,1,,,,,,,,,,,,,,,,,,
0.9420,310126.632,5950793.824,080000,26072025,0.000,,Nav Marker,,,,,-1001,-1002,0.05,0.0,0,0,0,0,1,,,,,,,,,,,,,,,,,,
0.9540,310134.535,5950802.860,080000,26072025,0.000,,Nav Marker,,,,,-1002,-1002,0.04,-0.0,0,0,0,0,1,,,,,,,,,,,,,,,,,,
0.9660,310142.438,5950811.896,080000,26072025,0.000,,Nav Marker,,,,,-1003,-1001,0.03,-0.04,0,0,0,0,1,,,,,,,,,,,,,,,,,,
0.9780,310150.342,5950820.932,080000,26072025,0.000,,Nav Marker,,,,,-1002,-1003,0.04,-0.05,0,0,0,0,1,,,,,,,,,,,,,,,,,,
0.9900,310158.245,5950829.968,080000,26072025,0.000,,Nav Marker,,,,,-1003,-1004,0.05,-0.03,0,0,0,0,1,,,,,,,,,,,,,,,,,,
1.0020,310166.149,5950839.005,080000,26072025,0.000,,Nav Marker,,,,,-1003,-1004,0.03,-0.04,0,0,0,0,1,,,,,,,,,,,,,,,,,,
1.0140,310174.052,5950848.041,080000,26072025,0.000,,Nav Marker,,,,,-1003,-1003,0.03,-0.05,0,0,0,0,1,,,,,,,,,,,,,,,,,,
1.0260,310181.955,5950857.077,080000,26072025,0.000,,Nav Marker,,,,,-1003,-1004,0.04,-0.02,0,0,0,0,1,,,,,,,,,,,,,,,,,,
1.0380,310189.859,5950866.113,080000,26072025,0.000,,Nav Marker,,,,,-1003,-1003,0.03,-0.0,0,0,0,0,1,,,,,,,,,,,,,,,,,,
1.0500,310197.762,5950875.149,080000,26072025,0.000,,Nav Marker,,,,,-1002,-1003,0.04,-0.0,0,0,0,0,1,,,,,,,,,,,,,,,,,,
1.0620,310205.666,5950884.186,080000,26072025,0.000,,Nav Marker,,,,,-1002,-1003,0.04,0.01,0,0,0,0,1,,,,,,,,,,,,,,,,,,
1.0740,310213.569,5950893.222,080000,26072025,0.000,,Nav Marker,,,,,-1002,-1003,0.04,0.0,0,0,0,0,1,,,,,,,,,,,,,,,,,,
1.0860,310221.472,5950902.258,080000,26072025,0.000,,Nav Marker,,,,,-1002,-1003,0.05,-0.0,0,0,0,0,1,,,,,,,,,,,,,,,,,,
1.0980,310229.387,5950911.284,080000,26072025,0.000,,Nav Marker,,,,,-1003,-1003,0.03,0.03,0,0,0,0,1,,,,,,,,,,,,,,,,,,
1.1100,310237.560,5950920.077,080000,26072025,0.000,,Nav Marker,,,,,-996,-1003,0.05,0.06,0,0,0,0,1,,,,,,,,,,,,,,,,,,
1.1220,310245.732,5950928.870,080000,26072025,0.000,,Nav Marker,,,,,-1003,-1003,0.05,0.07,0,0,0,0,1,,,,,,,,,,,,,,,,,,
1.1340,310253.905,5950937.663,080000,26072025,0.000,,Nav Marker,,,,,-1003,-1003,0.04,0.05,0,0,0,0,1,,,,,,,,,,,,,,,,,,
1.1460,310262.077,5950946.456,080000,26072025,0.000,,Nav Marker,,,,,-1003,-1003,0.04,0.1,0,0,0,0,1,,,,,,,,,,,,,,,,,,
1.1580,310270.250,5950955.250,080000,26072025,0.000,,Nav Marker,,,,,-1004,-1004,0.03,0.04,0,0,0,0,1,,,,,,,,,,,,,,,,,,
1.1700,310278.422,5950964.043,080000,26072025,0.000,,Nav Marker,,,,,-1002,-1004,0.03,0.02,0,0,0,0,1,,,,,,,,,,,,,,,,,,
1.1820,310286.595,5950972.836,080000,26072025,0.000,,Nav Marker,,,,,-1004,-1003,0.06,0.05,0,0,0,0,1,,,,,,,,,,,,,,,,,,
1.1940,310294.767,5950981.629,080000,26072025,0.000,,Nav Marker,,,,,-1004,-1004,0.05,0.03,0,0,0,0,1,,,,,,,,,,,,,,,,,,
1.2060,310302.789,5950990.559,080000,26072025,0.000,,Nav Marker,,,,,-1004,-1004,0.03,-0.18,0,0,0,0,1,,,,,,,,,,,,,,,,,,
1.2180,310310.718,5950999.572,080000,26072025,0.000,,Nav Marker,,,,,-1004,-1003,0.05,-0.15,0,0,0,0,1,,,,,,,,,,,,,,,,,,
1.2300,310318.646,5951008.586,080000,26072025,0.000,,Nav Marker,,,,,-1004,-1003,0.05,0.03,0,0,0,0,1,,,,,,,,,,,,,,,,,,
1.2420,310326.575,5951017.600,080000,26072025,0.000,,Nav Marker,,,,,-1004,-1003,0.03,-0.01,0,0,0,0,1,,,,,,,,,,,,,,,,,,
1.2540,310334.504,5951026.614,080000,26072025,0.000,,Nav Marker,,,,,-1004,-1003,0.04,0.03,0,0,0,0,1,,,,,,,,,,,,,,,,,,
1.2660,310342.432,5951035.628,080000,26072025,0.000,,Nav Marker,,,,,-1004,-1003,0.02,0.03,0,0,0,0,1,,,,,,,,,,,,,,,,,,
