KP,Easting,Northing,Time,Date,DCC,SD,Comments,Video,Anomaly,Bathy,DOB,ContactCP,ContinuousCP,CoverLocal,CoverMSB,Code1,Code2,Code3,Span,Exposure,Movement,WghtCt,Stab,SpanLength,SpanLengthOdom,SpanHeight,SpanDEI,Location,Offset,DimX,DimY,DimZ,Anomlink,VideoCount,UniqueID,Dummy3,Dummy4,DummyString
59.7920,397487.308,5860049.654,080000,29072025,0.000,,Start of MBES Survey,,,,,1058,1002,,,12,1,0,,,,,,,,,,,,,,,,,,,,
61.5850,396702.116,5858442.898,080000,29072025,0.000,,End of MBES Survey,,,,,1039, 975,,,12,2,0,,,,,,,,,,,,,,,,,,,,
59.7920,397487.308,5860049.654,080000,29072025,0.000,,Nav Marker,,,,,1058,1002,-0.01,0.18,0,0,0,0,0,,,,,,,,,,,,,,,,,,
59.8040,397481.417,5860039.202,080000,29072025,0.000,,Nav Marker,,,,,1056,1000,0.05,0.3,0,0,0,0,1,,,,,,,,,,,,,,,,,,
59.8160,397475.527,5860028.750,080000,29072025,0.000,,Nav Marker,,,,,1055,1001,0.06,0.27,0,0,0,0,1,,,,,,,,,,,,,,,,,,
59.8280,397469.636,5860018.297,080000,29072025,0.000,,Nav Marker,,,,,1053,1000,0.08,0.24,0,0,0,0,1,,,,,,,,,,,,,,,,,,
59.8400,397464.442,5860007.523,080000,29072025,0.000,,Nav Marker,,,,,1055,1004,0.03,0.05,0,0,0,0,1,,,,,,,,,,,,,,,,,,
59.8520,397460.222,5859996.298,080000,29072025,0.000,,Nav Marker,,,,,1057,1000,0.04,0.06,0,0,0,0,1,,,,,,,,,,,,,,,,,,
59.8640,397456.002,5859985.073,080000,29072025,0.000,,Nav Marker,,,,,1054,1001,0.06,0.25,0,0,0,0,1,,,,,,,,,,,,,,,,,,
59.8760,397451.782,5859973.848,080000,29072025,0.000,,Nav Marker,,,,,1057,1000,0.07,0.3,0,0,0,0,1,,,,,,,,,,,,,,,,,,
59.8880,397447.562,5859962.623,080000,29072025,0.000,,Nav Marker,,,,,1053,1002,0.05,0.24,0,0,0,0,1,,,,,,,,,,,,,,,,,,
59.9000,397443.342,5859951.398,080000,29072025,0.000,,Nav Marker,,,,,1054,1000,0.04,0.17,0,0,0,0,1,,,,,,,,,,,,,,,,,,
59.9120,397439.122,5859940.173,080000,29072025,0.000,,Nav Marker,,,,,1055,1001,0.02,0.13,0,0,0,0,1,,,,,,,,,,,,,,,,,,
59.9240,397434.902,5859928.948,080000,29072025,0.000,,Nav Marker,,,,,1055,1002,0.04,0.14,0,0,0,0,1,,,,,,,,,,,,,,,,,,
59.9360,397430.682,5859917.723,080000,29072025,0.000,,Nav Marker,,,,,1055,1002,0.04,0.07,0,0,0,0,1,,,,,,,,,,,,,,,,,,
59.9480,397426.462,5859906.498,080000,29072025,0.000,,Nav Marker,,,,,1054,1001,0.04,0.09,0,0,0,0,1,,,,,,,,,,,,,,,,,,
59.9600,397422.242,5859895.273,080000,29072025,0.000,,Nav Marker,,,,,1053,1001,0.05,0.12,0,0,0,0,1,,,,,,,,,,,,,,,,,,
59.9720,397418.022,5859884.048,080000,29072025,0.000,,Nav Marker,,,,,1057,1001,0.03,0.1,0,0,0,0,1,,,,,,,,,,,,,,,,,,
59.9840,397413.802,5859872.823,080000,29072025,0.000,,Nav Marker,,,,,1057,1002,0.06,0.16,0,0,0,0,1,,,,,,,,,,,,,,,,,,
59.9960,397409.582,5859861.598,080000,29072025,0.000,,Nav Marker,,,,,1055,1001,0.05,0.09,0,0,0,0,1,,,,,,,,,,,,,,,,,,
60.0080,397404.845,5859850.601,080000,29072025,0.000,,Nav Marker,,,,,1055,1002,0.06,0.07,0,0,0,0,1,,,,,,,,,,,,,,,,,,
60.0200,397399.387,5859839.923,080000,29072025,0.000,,Nav Marker,,,,,1055,1002,0.03,0.08,0,0,0,0,1,,,,,,,,,,,,,,,,,,
60.0320,397393.928,5859829.245,080000,29072025,0.000,,Nav Marker,,,,,1055,1002,0.04,0.18,0,0,0,0,1,,,,,,,,,,,,,,,,,,
60.0440,397388.469,5859818.567,080000,29072025,0.000,,Nav Marker,,,,,1055,1002,0.06,0.17,0,0,0,0,1,,,,,,,,,,,,,,,,,,
60.0560,397383.010,5859807.889,080000,29072025,0.000,,Nav Marker,,,,,1055,1002,0.06,0.1,0,0,0,0,1,,,,,,,,,,,,,,,,,,
60.0680,397377.551,5859797.210,080000,29072025,0.000,,Nav Marker,,,,,1053,1000,0.05,0.15,0,0,0,0,1,,,,,,,,,,,,,,,,,,
60.0800,397372.093,5859786.532,080000,29072025,0.000,,Nav Marker,,,,,1055,1000,0.01,0.07,0,0,0,0,1,,,,,,,,,,,,,,,,,,
60.0920,397366.634,5859775.854,080000,29072025,0.000,,Nav Marker,,,,,1057, 996,0.03,0.18,0,0,0,0,1,,,,,,,,,,,,,,,,,,
60.1040,397361.175,5859765.176,080000,29072025,0.000,,Nav Marker,,,,,1058, 998,0.05,0.1,0,0,0,0,1,,,,,,,,,,,,,,,,,,
60.1160,397355.716,5859754.498,080000,29072025,0.000,,Nav Marker,,,,,1053, 998,0.04,0.1,0,0,0,0,0,,,,,,,,,,,,,,,,,,
60.1280,397350.257,5859743.820,080000,29072025,0.000,,Nav Marker,,,,,1053, 998,0.02,0.09,0,0,0,0,1,,,,,,,,,,,,,,,,,,
60.1400,397344.798,5859733.142,080000,29072025,0.000,,Nav Marker,,,,,1053, 998,0.06,0.2,0,0,0,0,1,,,,,,,,,,,,,,,,,,
60.1520,397339.340,5859722.464,080000,29072025,0.000,,Nav Marker,,,,,1053, 998,0.05,0.23,0,0,0,0,1,,,,,,,,,,,,,,,,,,
60.1640,397333.881,5859711.786,080000,29072025,0.000,,Nav Marker,,,,,1053, 998,0.05,0.07,0,0,0,0,1,,,,,,,,,,,,,,,,,,
60.1760,397328.422,5859701.108,080000,29072025,0.000,,Nav Marker,,,,,1053, 998,0.04,0.12,0,0,0,0,1,,,,,,,,,,,,,,,,,,
60.1880,397322.963,5859690.430,080000,29072025,0.000,,Nav Marker,,,,,1053, 998,0.04,0.16,0,0,0,0,1,,,,,,,,,,,,,,,,,,
60.2000,397317.504,5859679.752,080000,29072025,0.000,,Nav Marker,,,,,1053, 998,0.03,0.08,0,0,0,0,0,,,,,,,,,,,,,,,,,,
60.2120,397312.045,5859669.074,080000,29072025,0.000,,Nav Marker,,,,,1053, 998,0.02,0.1,0,0,0,0,1,,,,,,,,,,,,,,,,,,
60.2240,397306.587,5859658.396,080000,29072025,0.000,,Nav Marker,,,,,1053, 998,0.05,0.08,0,0,0,0,1,,,,,,,,,,,,,,,,,,
60.2360,397301.128,5859647.717,080000,29072025,0.000,,Nav Marker,,,,,1053, 998,0.05,0.04,0,0,0,0,1,,,,,,,,,,,,,,,,,,
60.2480,397295.669,5859637.039,080000,29072025,0.000,,Nav Marker,,,,,1053, 998,0.03,-0.04,0,0,0,0,1,,,,,,,,,,,,,,,,,,
60.2600,397290.210,5859626.361,080000,29072025,0.000,,Nav Marker,,,,,1053, 998,0.06,-0.01,0,0,0,0,1,,,,,,,,,,,,,,,,,,
60.2720,397284.751,5859615.683,080000,29072025,0.000,,Nav Marker,,,,,1052, 998,0.04,-0.05,0,0,0,0,1,,,,,,,,,,,,,,,,,,
60.2840,397279.292,5859605.005,080000,29072025,0.000,,Nav Marker,,,,,1052,1000,0.06,-0.09,0,0,0,0,1,,,,,,,,,,,,,,,,,,
60.2960,397273.834,5859594.327,080000,29072025,0.000,,Nav Marker,,,,,1053,1001,0.06,-0.03,0,0,0,0,1,,,,,,,,,,,,,,,,,,
60.3080,397268.375,5859583.649,080000,29072025,0.000,,Nav Marker,,,,,1050, 999,0.07,-0.19,0,0,0,0,1,,,,,,,,,,,,,,,,,,
60.3200,397262.916,5859572.971,080000,29072025,0.000,,Nav Marker,,,,,1053, 998,0.03,-0.12,0,0,0,0,1,,,,,,,,,,,,,,,,,,
60.3320,397257.457,5859562.293,080000,29072025,0.000,,Nav Marker,,,,,1054, 998,0.09,-0.06,0,0,0,0,1,,,,,,,,,,,,,,,,,,
60.3440,397251.998,5859551.615,080000,29072025,0.000,,Nav Marker,,,,,1053, 997,0.05,-0.07,0,0,0,0,1,,,,,,,,,,,,,,,,,,
60.3560,397246.539,5859540.937,080000,29072025,0.000,,Nav Marker,,,,,1055,1001,0.05,0.01,0,0,0,0,1,,,,,,,,,,,,,,,,,,
60.3680,397241.081,5859530.259,080000,29072025,0.000,,Nav Marker,,,,,1054, 996,0.06,-0.11,0,0,0,0,1,,,,,,,,,,,,,,,,,,
60.3800,397235.622,5859519.581,080000,29072025,0.000,,Nav Marker,,,,,1051, 995,0.03,-0.09,0,0,0,0,1,,,,,,,,,,,,,,,,,,
60.3920,397230.163,5859508.903,080000,29072025,0.000,,Nav Marker,,,,,1054, 996,0.04,-0.07,0,0,0,0,1,,,,,,,,,,,,,,,,,,
60.4040,397224.704,5859498.224,080000,29072025,0.000,,Nav Marker,,,,,1052, 998,0.08,0.0,0,0,0,0,1,,,,,,,,,,,,,,,,,,
60.4160,397219.245,5859487.546,080000,29072025,0.000,,Nav Marker,,,,,1052, 997,0.02,-0.07,0,0,0,0,1,,,,,,,,,,,,,,,,,,
60.4280,397213.786,5859476.868,080000,29072025,0.000,,Nav Marker,,,,,1054, 997,0.06,0.02,0,0,0,0,1,,,,,,,,,,,,,,,,,,
60.4400,397208.328,5859466.190,080000,29072025,0.000,,Nav Marker,,,,,1051, 996,0.04,-0.06,0,0,0,0,1,,,,,,,,,,,,,,,,,,
60.4520,397202.869,5859455.512,080000,29072025,0.000,,Nav Marker,,,,,1055, 979,0.06,-0.02,0,0,0,0,1,,,,,,,,,,,,,,,,,,
60.4640,397197.410,5859444.834,080000,29072025,0.000,,Nav Marker,,,,,1054, 998,0.04,-0.04,0,0,0,0,1,,,,,,,,,,,,,,,,,,
60.4760,397191.951,5859434.156,080000,29072025,0.000,,Nav Marker,,,,,1052, 995,0.07,0.01,0,0,0,0,1,,,,,,,,,,,,,,,,,,
60.4880,397186.492,5859423.478,080000,29072025,0.000,,Nav Marker,,,,,1053, 997,0.04,-0.03,0,0,0,0,1,,,,,,,,,,,,,,,,,,
60.5000,397181.034,5859412.800,080000,29072025,0.000,,Nav Marker,,,,,1052, 997,0.0,-0.01,0,0,0,0,0,,,,,,,,,,,,,,,,,,
60.5120,397175.575,5859402.122,080000,29072025,0.000,,Nav Marker,,,,,1054, 997,0.05,0.03,0,0,0,0,1,,,,,,,,,,,,,,,,,,
60.5240,397170.116,5859391.444,080000,29072025,0.000,,Nav Marker,,,,,1055, 997,0.03,0.02,0,0,0,0,1,,,,,,,,,,,,,,,,,,
60.5360,397164.657,5859380.766,080000,29072025,0.000,,Nav Marker,,,,,1048,1001,0.04,-0.04,0,0,0,0,1,,,,,,,,,,,,,,,,,,
60.5480,397159.198,5859370.088,080000,29072025,0.000,,Nav Marker,,,,,1050, 970,0.06,-0.01,0,0,0,0,1,,,,,,,,,,,,,,,,,,
60.5600,397153.739,5859359.410,080000,29072025,0.000,,Nav Marker,,,,,1056, 998,0.04,-0.02,0,0,0,0,1,,,,,,,,,,,,,,,,,,
60.5720,397148.281,5859348.731,080000,29072025,0.000,,Nav Marker,,,,,1052, 996,0.02,-0.05,0,0,0,0,1,,,,,,,,,,,,,,,,,,
60.5840,397142.822,5859338.053,080000,29072025,0.000,,Nav Marker,,,,,1055, 995,0.05,0.03,0,0,0,0,1,,,,,,,,,,,,,,,,,,
60.5960,397137.363,5859327.375,080000,29072025,0.000,,Nav Marker,,,,,1044, 995,0.02,-0.05,0,0,0,0,1,,,,,,,,,,,,,,,,,,
60.6080,397131.904,5859316.697,080000,29072025,0.000,,Nav Marker,,,,,1046, 993,-0.0,0.0,0,0,0,0,0,,,,,,,,,,,,,,,,,,
60.6200,397126.445,5859306.019,080000,29072025,0.000,,Nav Marker,,,,,1054, 995,0.05,0.03,0,0,0,0,1,,,,,,,,,,,,,,,,,,
60.6320,397120.986,5859295.341,080000,29072025,0.000,,Nav Marker,,,,,1051, 995,0.06,0.04,0,0,0,0,1,,,,,,,,,,,,,,,,,,
60.6440,397115.528,5859284.663,080000,29072025,0.000,,Nav Marker,,,,,1052, 992,0.07,0.05,0,0,0,0,1,,,,,,,,,,,,,,,,,,
60.6560,397110.069,5859273.985,080000,29072025,0.000,,Nav Marker,,,,,1054, 997,0.05,-0.03,0,0,0,0,1,,,,,,,,,,,,,,,,,,
60.6680,397104.610,5859263.307,080000,29072025,0.000,,Nav Marker,,,,,1053, 995,0.02,-0.0,0,0,0,0,1,,,,,,,,,,,,,,,,,,
60.6800,397099.151,5859252.629,080000,29072025,0.000,,Nav Marker,,,,,1052, 995,0.03,0.0,0,0,0,0,1,,,,,,,,,,,,,,,,,,
60.6920,397093.692,5859241.951,080000,29072025,0.000,,Nav Marker,,,,,1051, 995,0.07,0.02,0,0,0,0,1,,,,,,,,,,,,,,,,,,
60.7040,397088.233,5859231.273,080000,29072025,0.000,,Nav Marker,,,,,1050, 993,0.03,-0.01,0,0,0,0,1,,,,,,,,,,,,,,,,,,
60.7160,397082.775,5859220.595,080000,29072025,0.000,,Nav Marker,,,,,1053, 993,0.04,0.03,0,0,0,0,1,,,,,,,,,,,,,,,,,,
60.7280,397077.316,5859209.917,080000,29072025,0.000,,Nav Marker,,,,,1051, 994,0.04,-0.02,0,0,0,0,1,,,,,,,,,,,,,,,,,,
60.7400,397071.857,5859199.238,080000,29072025,0.000,,Nav Marker,,,,,1050, 993,0.03,-0.01,0,0,0,0,1,,,,,,,,,,,,,,,,,,
60.7520,397066.398,5859188.560,080000,29072025,0.000,,Nav Marker,,,,,1054, 994,0.05,0.0,0,0,0,0,1,,,,,,,,,,,,,,,,,,
60.7640,397060.939,5859177.882,080000,29072025,0.000,,Nav Marker,,,,,1049, 996,0.07,0.03,0,0,0,0,1,,,,,,,,,,,,,,,,,,
60.7760,397055.480,5859167.204,080000,29072025,0.000,,Nav Marker,,,,,1048, 994,0.05,0.03,0,0,0,0,1,,,,,,,,,,,,,,,,,,
60.7880,397050.022,5859156.526,080000,29072025,0.000,,Nav Marker,,,,,1053, 992,0.06,0.02,0,0,0,0,1,,,,,,,,,,,,,,,,,,
60.8000,397044.563,5859145.848,080000,29072025,0.000,,Nav Marker,,,,,1054, 990,0.03,0.04,0,0,0,0,1,,,,,,,,,,,,,,,,,,
60.8120,397039.104,5859135.170,080000,29072025,0.000,,Nav Marker,,,,,1054, 993,0.02,-0.03,0,0,0,0,1,,,,,,,,,,,,,,,,,,
60.8240,397033.645,5859124.492,080000,29072025,0.000,,Nav Marker,,,,,1048, 992,0.04,0.04,0,0,0,0,1,,,,,,,,,,,,,,,,,,
60.8360,397028.186,5859113.814,080000,29072025,0.000,,Nav Marker,,,,,1050, 992,0.04,0.02,0,0,0,0,1,,,,,,,,,,,,,,,,,,
60.8480,397022.727,5859103.136,080000,29072025,0.000,,Nav Marker,,,,,1051, 989,0.04,0.01,0,0,0,0,1,,,,,,,,,,,,,,,,,,
60.8600,397017.269,5859092.458,080000,29072025,0.000,,Nav Marker,,,,,1055, 992,0.02,0.02,0,0,0,0,1,,,,,,,,,,,,,,,,,,
60.8720,397011.810,5859081.780,080000,29072025,0.000,,Nav Marker,,,,,1049, 994,0.04,-0.01,0,0,0,0,1,,,,,,,,,,,,,,,,,,
60.8840,397007.459,5859070.676,080000,29072025,0.000,,Nav Marker,,,,,1055, 995,0.08,0.03,0,0,0,0,1,,,,,,,,,,,,,,,,,,
60.8960,397003.329,5859059.486,080000,29072025,0.000,,Nav Marker,,,,,1049, 989,0.03,0.01,0,0,0,0,0,,,,,,,,,,,,,,,,,,
60.9080,396999.199,5859048.297,080000,29072025,0.000,,Nav Marker,,,,,1049, 989,0.07,0.03,0,0,0,0,1,,,,,,,,,,,,,,,,,,
60.9200,396995.069,5859037.108,080000,29072025,0.000,,Nav Marker,,,,,1049, 989,0.03,-0.01,0,0,0,0,1,,,,,,,,,,,,,,,,,,
60.9320,396990.940,5859025.919,080000,29072025,0.000,,Nav Marker,,,,,1049, 989,0.04,0.05,0,0,0,0,1,,,,,,,,,,,,,,,,,,
60.9440,396986.810,5859014.730,080000,29072025,0.000,,Nav Marker,,,,,1049, 989,0.03,0.04,0,0,0,0,1,,,,,,,,,,,,,,,,,,
60.9560,396982.680,5859003.541,080000,29072025,0.000,,Nav Marker,,,,,1049, 989,0.04,0.01,0,0,0,0,1,,,,,,,,,,,,,,,,,,
60.9680,396978.550,5858992.351,080000,29072025,0.000,,Nav Marker,,,,,1049, 989,0.04,0.01,0,0,0,0,1,,,,,,,,,,,,,,,,,,
60.9800,396974.421,5858981.162,080000,29072025,0.000,,Nav Marker,,,,,1049, 989,0.04,0.02,0,0,0,0,1,,,,,,,,,,,,,,,,,,
60.9920,396968.622,5858970.757,080000,29072025,0.000,,Nav Marker,,,,,1049, 989,0.04,0.03,0,0,0,0,1,,,,,,,,,,,,,,,,,,
61.0040,396961.632,5858960.913,080000,29072025,0.000,,Nav Marker,,,,,1049, 989,0.06,0.08,0,0,0,0,1,,,,,,,,,,,,,,,,,,
61.0160,396954.642,5858951.068,080000,29072025,0.000,,Nav Marker,,,,,1049, 989,0.04,0.01,0,0,0,0,1,,,,,,,,,,,,,,,,,,
61.0280,396947.651,5858941.223,080000,29072025,0.000,,Nav Marker,,,,,1049, 989,0.03,-0.03,0,0,0,0,1,,,,,,,,,,,,,,,,,,
61.0400,396940.661,5858931.379,080000,29072025,0.000,,Nav Marker,,,,,1049, 989,0.04,0.01,0,0,0,0,1,,,,,,,,,,,,,,,,,,
61.0520,396933.671,5858921.534,080000,29072025,0.000,,Nav Marker,,,,,1049, 989,0.02,-0.0,0,0,0,0,1,,,,,,,,,,,,,,,,,,
61.0640,396926.681,5858911.689,080000,29072025,0.000,,Nav Marker,,,,,1048, 986,0.04,-0.01,0,0,0,0,1,,,,,,,,,,,,,,,,,,
61.0760,396919.690,5858901.845,080000,29072025,0.000,,Nav Marker,,,,,1050, 994,0.04,0.02,0,0,0,0,1,,,,,,,,,,,,,,,,,,
61.0880,396912.700,5858892.000,080000,29072025,0.000,,Nav Marker,,,,,1050, 994,0.04,-0.0,0,0,0,0,1,,,,,,,,,,,,,,,,,,
61.1000,396907.491,5858881.187,080000,29072025,0.000,,Nav Marker,,,,,1050, 994,0.04,-0.0,0,0,0,0,1,,,,,,,,,,,,,,,,,,
61.1120,396902.282,5858870.374,080000,29072025,0.000,,Nav Marker,,,,,1050, 994,0.02,0.01,0,0,0,0,1,,,,,,,,,,,,,,,,,,
61.1240,396897.074,5858859.560,080000,29072025,0.000,,Nav Marker,,,,,1044, 987,0.05,0.01,0,0,0,0,1,,,,,,,,,,,,,,,,,,
61.1360,396891.865,5858848.747,080000,29072025,0.000,,Nav Marker,,,,,1043, 984,0.07,0.02,0,0,0,0,1,,,,,,,,,,,,,,,,,,
61.1480,396886.656,5858837.934,080000,29072025,0.000,,Nav Marker,,,,,1047, 985,0.07,0.01,0,0,0,0,1,,,,,,,,,,,,,,,,,,
61.1600,396881.447,5858827.121,080000,29072025,0.000,,Nav Marker,,,,,1048, 988,0.06,0.02,0,0,0,0,1,,,,,,,,,,,,,,,,,,
61.1720,396876.238,5858816.308,080000,29072025,0.000,,Nav Marker,,,,,1049, 985,0.09,0.02,0,0,0,0,1,,,,,,,,,,,,,,,,,,
61.1840,396871.469,5858805.324,080000,29072025,0.000,,Nav Marker,,,,,1050, 987,0.06,0.02,0,0,0,0,1,,,,,,,,,,,,,,,,,,
61.1960,396867.313,5858794.102,080000,29072025,0.000,,Nav Marker,,,,,1047, 982,0.1,0.04,0,0,0,0,1,,,,,,,,,,,,,,,,,,
61.2080,396863.157,5858782.880,080000,29072025,0.000,,Nav Marker,,,,,1047, 982,0.1,0.06,0,0,0,0,1,,,,,,,,,,,,,,,,,,
61.2200,396859.002,5858771.657,080000,29072025,0.000,,Nav Marker,,,,,1047, 982,0.11,0.03,0,0,0,0,1,,,,,,,,,,,,,,,,,,
61.2320,396854.846,5858760.435,080000,29072025,0.000,,Nav Marker,,,,,1047, 982,0.14,0.1,0,0,0,0,1,,,,,,,,,,,,,,,,,,
61.2440,396850.691,5858749.213,080000,29072025,0.000,,Nav Marker,,,,,1047, 982,0.11,0.09,0,0,0,0,1,,,,,,,,,,,,,,,,,,
61.2560,396846.535,5858737.991,080000,29072025,0.000,,Nav Marker,,,,,1047, 982,0.08,0.04,0,0,0,0,1,,,,,,,,,,,,,,,,,,
61.2680,396842.380,5858726.769,080000,29072025,0.000,,Nav Marker,,,,,1047, 982,0.09,0.15,0,0,0,0,1,,,,,,,,,,,,,,,,,,
61.2800,396838.224,5858715.546,080000,29072025,0.000,,Nav Marker,,,,,1047, 982,0.1,-0.06,0,0,0,0,1,,,,,,,,,,,,,,,,,,
61.2920,396835.623,5858703.565,080000,29072025,-2.280,,Nav Marker,,,,,1047, 982,0.32,0.39,0,0,0,0,1,,,,,,,,,,,,,,,,,,
61.3040,396830.597,5858692.830,080000,29072025,-2.610,,Nav Marker,,,,,1047, 982,0.3,0.69,0,0,0,0,1,,,,,,,,,,,,,,,,,,
61.3160,396825.047,5858682.358,080000,29072025,-2.350,,Nav Marker,,,,,1043, 972,0.32,0.89,0,0,0,0,1,,,,,,,,,,,,,,,,,,
61.3280,396819.139,5858672.066,080000,29072025,-1.690,,Nav Marker,,,,,1043, 972,0.28,0.78,0,0,0,0,1,,,,,,,,,,,,,,,,,,
61.3400,396813.282,5858661.694,080000,29072025,-1.130,,Nav Marker,,,,,1043, 972,0.3,0.65,0,0,0,0,1,,,,,,,,,,,,,,,,,,
61.3520,396807.681,5858650.991,080000,29072025,-1.030,,Nav Marker,,,,,1043, 972,0.28,0.52,0,0,0,0,1,,,,,,,,,,,,,,,,,,
61.3640,396802.368,5858640.139,080000,29072025,-1.270,,Nav Marker,,,,,1043, 972,0.25,0.25,0,0,0,0,1,,,,,,,,,,,,,,,,,,
61.3760,396795.720,5858629.973,080000,29072025,0.000,,Nav Marker,,,,,1043, 972,0.06,-0.07,0,0,0,0,1,,,,,,,,,,,,,,,,,,
61.3880,396790.200,5858619.227,080000,29072025,0.000,,Nav Marker,,,,,1047, 978,0.1,0.1,0,0,0,0,1,,,,,,,,,,,,,,,,,,
61.4000,396784.680,5858608.482,080000,29072025,0.000,,Nav Marker,,,,,1040, 981,0.1,0.06,0,0,0,0,1,,,,,,,,,,,,,,,,,,
61.4120,396779.160,5858597.736,080000,29072025,0.000,,Nav Marker,,,,,1043, 979,0.11,0.18,0,0,0,0,1,,,,,,,,,,,,,,,,,,
61.4240,396773.640,5858586.991,080000,29072025,0.000,,Nav Marker,,,,,1045, 981,0.07,-0.0,0,0,0,0,1,,,,,,,,,,,,,,,,,,
61.4360,396768.120,5858576.245,080000,29072025,0.000,,Nav Marker,,,,,1043, 980,0.13,0.16,0,0,0,0,1,,,,,,,,,,,,,,,,,,
61.4480,396762.600,5858565.500,080000,29072025,0.000,,Nav Marker,,,,,1019, 980,0.17,0.01,0,0,0,0,1,,,,,,,,,,,,,,,,,,
61.4600,396757.839,5858554.484,080000,29072025,0.000,,Nav Marker,,,,,1042, 980,0.09,0.04,0,0,0,0,1,,,,,,,,,,,,,,,,,,
61.4720,396753.079,5858543.467,080000,29072025,0.000,,Nav Marker,,,,,1042, 980,0.08,-0.09,0,0,0,0,1,,,,,,,,,,,,,,,,,,
61.4840,396748.318,5858532.451,080000,29072025,0.000,,Nav Marker,,,,,1041, 973,0.11,0.05,0,0,0,0,1,,,,,,,,,,,,,,,,,,
61.4960,396743.557,5858521.434,080000,29072025,0.000,,Nav Marker,,,,,1045, 978,0.09,0.11,0,0,0,0,1,,,,,,,,,,,,,,,,,,
61.5080,396738.797,5858510.418,080000,29072025,0.000,,Nav Marker,,,,,1046, 979,0.07,0.04,0,0,0,0,1,,,,,,,,,,,,,,,,,,
61.5200,396733.148,5858499.860,080000,29072025,0.000,,Nav Marker,,,,,1039, 971,0.09,0.06,0,0,0,0,1,,,,,,,,,,,,,,,,,,
61.5320,396727.419,5858489.344,080000,29072025,0.000,,Nav Marker,,,,,1047, 978,0.07,0.01,0,0,0,0,1,,,,,,,,,,,,,,,,,,
61.5440,396721.690,5858478.828,080000,29072025,0.000,,Nav Marker,,,,,1044, 977,0.08,-0.02,0,0,0,0,1,,,,,,,,,,,,,,,,,,
61.5560,396715.961,5858468.312,080000,29072025,0.000,,Nav Marker,,,,,1040, 978,0.08,-0.08,0,0,0,0,1,,,,,,,,,,,,,,,,,,
61.5680,396710.232,5858457.796,080000,29072025,0.000,,Nav Marker,,,,,1039, 975,0.05,-0.18,0,0,0,0,1,,,,,,,,,,,,,,,,,,
61.5800,396704.503,5858447.280,080000,29072025,0.000,,Nav Marker,,,,,1039, 975,0.07,-0.14,0,0,0,0,1,,,,,,,,,,,,,,,,,,
59.7920,397487.308,5860049.654,080000,29072025,0.000,,Nav Marker,,,,,1058,1002,-0.01,0.18,0,0,0,0,0,,,,,,,,,,,,,,,,,,
59.8040,397481.417,5860039.202,080000,29072025,0.000,,Nav Marker,,,,,1056,1000,0.05,0.3,0,0,0,0,1,,,,,,,,,,,,,,,,,,
59.8160,397475.527,5860028.750,080000,29072025,0.000,,Nav Marker,,,,,1055,1001,0.06,0.27,0,0,0,0,1,,,,,,,,,,,,,,,,,,
59.8280,397469.636,5860018.297,080000,29072025,0.000,,Nav Marker,,,,,1053,1000,0.08,0.24,0,0,0,0,1,,,,,,,,,,,,,,,,,,
59.8400,397464.442,5860007.523,080000,29072025,0.000,,Nav Marker,,,,,1055,1004,0.03,0.05,0,0,0,0,1,,,,,,,,,,,,,,,,,,
59.8520,397460.222,5859996.298,080000,29072025,0.000,,Nav Marker,,,,,1057,1000,0.04,0.06,0,0,0,0,1,,,,,,,,,,,,,,,,,,
59.8640,397456.002,5859985.073,080000,29072025,0.000,,Nav Marker,,,,,1054,1001,0.06,0.25,0,0,0,0,1,,,,,,,,,,,,,,,,,,
59.8760,397451.782,5859973.848,080000,29072025,0.000,,Nav Marker,,,,,1057,1000,0.07,0.3,0,0,0,0,1,,,,,,,,,,,,,,,,,,
59.8880,397447.562,5859962.623,080000,29072025,0.000,,Nav Marker,,,,,1053,1002,0.05,0.24,0,0,0,0,1,,,,,,,,,,,,,,,,,,
59.9000,397443.342,5859951.398,080000,29072025,0.000,,Nav Marker,,,,,1054,1000,0.04,0.17,0,0,0,0,1,,,,,,,,,,,,,,,,,,
59.9120,397439.122,5859940.173,080000,29072025,0.000,,Nav Marker,,,,,1055,1001,0.02,0.13,0,0,0,0,1,,,,,,,,,,,,,,,,,,
59.9240,397434.902,5859928.948,080000,29072025,0.000,,Nav Marker,,,,,1055,1002,0.04,0.14,0,0,0,0,1,,,,,,,,,,,,,,,,,,
59.9360,397430.682,5859917.723,080000,29072025,0.000,,Nav Marker,,,,,1055,1002,0.04,0.07,0,0,0,0,1,,,,,,,,,,,,,,,,,,
59.9480,397426.462,5859906.498,080000,29072025,0.000,,Nav Marker,,,,,1054,1001,0.04,0.09,0,0,0,0,1,,,,,,,,,,,,,,,,,,
59.9600,397422.242,5859895.273,080000,29072025,0.000,,Nav Marker,,,,,1053,1001,0.05,0.12,0,0,0,0,1,,,,,,,,,,,,,,,,,,
59.9720,397418.022,5859884.048,080000,29072025,0.000,,Nav Marker,,,,,1057,1001,0.03,0.1,0,0,0,0,1,,,,,,,,,,,,,,,,,,
59.9840,397413.802,5859872.823,080000,29072025,0.000,,Nav Marker,,,,,1057,1002,0.06,0.16,0,0,0,0,1,,,,,,,,,,,,,,,,,,
59.9960,397409.582,5859861.598,080000,29072025,0.000,,Nav Marker,,,,,1055,1001,0.05,0.09,0,0,0,0,1,,,,,,,,,,,,,,,,,,
60.0080,397404.845,5859850.601,080000,29072025,0.000,,Nav Marker,,,,,1055,1002,0.06,0.07,0,0,0,0,1,,,,,,,,,,,,,,,,,,
60.0200,397399.387,5859839.923,080000,29072025,0.000,,Nav Marker,,,,,1055,1002,0.03,0.08,0,0,0,0,1,,,,,,,,,,,,,,,,,,
60.0320,397393.928,5859829.245,080000,29072025,0.000,,Nav Marker,,,,,1055,1002,0.04,0.18,0,0,0,0,1,,,,,,,,,,,,,,,,,,
60.0440,397388.469,5859818.567,080000,29072025,0.000,,Nav Marker,,,,,1055,1002,0.06,0.17,0,0,0,0,1,,,,,,,,,,,,,,,,,,
60.0560,397383.010,5859807.889,080000,29072025,0.000,,Nav Marker,,,,,1055,1002,0.06,0.1,0,0,0,0,1,,,,,,,,,,,,,,,,,,
60.0680,397377.551,5859797.210,080000,29072025,0.000,,Nav Marker,,,,,1053,1000,0.05,0.15,0,0,0,0,1,,,,,,,,,,,,,,,,,,
60.0800,397372.093,5859786.532,080000,29072025,0.000,,Nav Marker,,,,,1055,1000,0.01,0.07,0,0,0,0,1,,,,,,,,,,,,,,,,,,
60.0920,397366.634,5859775.854,080000,29072025,0.000,,Nav Marker,,,,,1057, 996,0.03,0.18,0,0,0,0,1,,,,,,,,,,,,,,,,,,
60.1040,397361.175,5859765.176,080000,29072025,0.000,,Nav Marker,,,,,1058, 998,0.05,0.1,0,0,0,0,1,,,,,,,,,,,,,,,,,,
60.1160,397355.716,5859754.498,080000,29072025,0.000,,Nav Marker,,,,,1053, 998,0.04,0.1,0,0,0,0,0,,,,,,,,,,,,,,,,,,
60.1280,397350.257,5859743.820,080000,29072025,0.000,,Nav Marker,,,,,1053, 998,0.02,0.09,0,0,0,0,1,,,,,,,,,,,,,,,,,,
60.1400,397344.798,5859733.142,080000,29072025,0.000,,Nav Marker,,,,,1053, 998,0.06,0.2,0,0,0,0,1,,,,,,,,,,,,,,,,,,
60.1520,397339.340,5859722.464,080000,29072025,0.000,,Nav Marker,,,,,1053, 998,0.05,0.23,0,0,0,0,1,,,,,,,,,,,,,,,,,,
60.1640,397333.881,5859711.786,080000,29072025,0.000,,Nav Marker,,,,,1053, 998,0.05,0.07,0,0,0,0,1,,,,,,,,,,,,,,,,,,
60.1760,397328.422,5859701.108,080000,29072025,0.000,,Nav Marker,,,,,1053, 998,0.04,0.12,0,0,0,0,1,,,,,,,,,,,,,,,,,,
60.1880,397322.963,5859690.430,080000,29072025,0.000,,Nav Marker,,,,,1053, 998,0.04,0.16,0,0,0,0,1,,,,,,,,,,,,,,,,,,
60.2000,397317.504,5859679.752,080000,29072025,0.000,,Nav Marker,,,,,1053, 998,0.03,0.08,0,0,0,0,0,,,,,,,,,,,,,,,,,,
60.2120,397312.045,5859669.074,080000,29072025,0.000,,Nav Marker,,,,,1053, 998,0.02,0.1,0,0,0,0,1,,,,,,,,,,,,,,,,,,
60.2240,397306.587,5859658.396,080000,29072025,0.000,,Nav Marker,,,,,1053, 998,0.05,0.08,0,0,0,0,1,,,,,,,,,,,,,,,,,,
60.2360,397301.128,5859647.717,080000,29072025,0.000,,Nav Marker,,,,,1053, 998,0.05,0.04,0,0,0,0,1,,,,,,,,,,,,,,,,,,
60.2480,397295.669,5859637.039,080000,29072025,0.000,,Nav Marker,,,,,1053, 998,0.03,-0.04,0,0,0,0,1,,,,,,,,,,,,,,,,,,
60.2600,397290.210,5859626.361,080000,29072025,0.000,,Nav Marker,,,,,1053, 998,0.06,-0.01,0,0,0,0,1,,,,,,,,,,,,,,,,,,
60.2720,397284.751,5859615.683,080000,29072025,0.000,,Nav Marker,,,,,1052, 998,0.04,-0.05,0,0,0,0,1,,,,,,,,,,,,,,,,,,
60.2840,397279.292,5859605.005,080000,29072025,0.000,,Nav Marker,,,,,1052,1000,0.06,-0.09,0,0,0,0,1,,,,,,,,,,,,,,,,,,
60.2960,397273.834,5859594.327,080000,29072025,0.000,,Nav Marker,,,,,1053,1001,0.06,-0.03,0,0,0,0,1,,,,,,,,,,,,,,,,,,
60.3080,397268.375,5859583.649,080000,29072025,0.000,,Nav Marker,,,,,1050, 999,0.07,-0.19,0,0,0,0,1,,,,,,,,,,,,,,,,,,
60.3200,397262.916,5859572.971,080000,29072025,0.000,,Nav Marker,,,,,1053, 998,0.03,-0.12,0,0,0,0,1,,,,,,,,,,,,,,,,,,
60.3320,397257.457,5859562.293,080000,29072025,0.000,,Nav Marker,,,,,1054, 998,0.09,-0.06,0,0,0,0,1,,,,,,,,,,,,,,,,,,
60.3440,397251.998,5859551.615,080000,29072025,0.000,,Nav Marker,,,,,1053, 997,0.05,-0.07,0,0,0,0,1,,,,,,,,,,,,,,,,,,
60.3560,397246.539,5859540.937,080000,29072025,0.000,,Nav Marker,,,,,1055,1001,0.05,0.01,0,0,0,0,1,,,,,,,,,,,,,,,,,,
60.3680,397241.081,5859530.259,080000,29072025,0.000,,Nav Marker,,,,,1054, 996,0.06,-0.11,0,0,0,0,1,,,,,,,,,,,,,,,,,,
60.3800,397235.622,5859519.581,080000,29072025,0.000,,Nav Marker,,,,,1051, 995,0.03,-0.09,0,0,0,0,1,,,,,,,,,,,,,,,,,,
60.3920,397230.163,5859508.903,080000,29072025,0.000,,Nav Marker,,,,,1054, 996,0.04,-0.07,0,0,0,0,1,,,,,,,,,,,,,,,,,,
60.4040,397224.704,5859498.224,080000,29072025,0.000,,Nav Marker,,,,,1052, 998,0.08,0.0,0,0,0,0,1,,,,,,,,,,,,,,,,,,
60.4160,397219.245,5859487.546,080000,29072025,0.000,,Nav Marker,,,,,1052, 997,0.02,-0.07,0,0,0,0,1,,,,,,,,,,,,,,,,,,
60.4280,397213.786,5859476.868,080000,29072025,0.000,,Nav Marker,,,,,1054, 997,0.06,0.02,0,0,0,0,1,,,,,,,,,,,,,,,,,,
60.4400,397208.328,5859466.190,080000,29072025,0.000,,Nav Marker,,,,,1051, 996,0.04,-0.06,0,0,0,0,1,,,,,,,,,,,,,,,,,,
60.4520,397202.869,5859455.512,080000,29072025,0.000,,Nav Marker,,,,,1055, 979,0.06,-0.02,0,0,0,0,1,,,,,,,,,,,,,,,,,,
60.4640,397197.410,5859444.834,080000,29072025,0.000,,Nav Marker,,,,,1054, 998,0.04,-0.04,0,0,0,0,1,,,,,,,,,,,,,,,,,,
60.4760,397191.951,5859434.156,080000,29072025,0.000,,Nav Marker,,,,,1052, 995,0.07,0.01,0,0,0,0,1,,,,,,,,,,,,,,,,,,
60.4880,397186.492,5859423.478,080000,29072025,0.000,,Nav Marker,,,,,1053, 997,0.04,-0.03,0,0,0,0,1,,,,,,,,,,,,,,,,,,
60.5000,397181.034,5859412.800,080000,29072025,0.000,,Nav Marker,,,,,1052, 997,0.0,-0.01,0,0,0,0,0,,,,,,,,,,,,,,,,,,
60.5120,397175.575,5859402.122,080000,29072025,0.000,,Nav Marker,,,,,1054, 997,0.05,0.03,0,0,0,0,1,,,,,,,,,,,,,,,,,,
60.5240,397170.116,5859391.444,080000,29072025,0.000,,Nav Marker,,,,,1055, 997,0.03,0.02,0,0,0,0,1,,,,,,,,,,,,,,,,,,
60.5360,397164.657,5859380.766,080000,29072025,0.000,,Nav Marker,,,,,1048,1001,0.04,-0.04,0,0,0,0,1,,,,,,,,,,,,,,,,,,
60.5480,397159.198,5859370.088,080000,29072025,0.000,,Nav Marker,,,,,1050, 970,0.06,-0.01,0,0,0,0,1,,,,,,,,,,,,,,,,,,
60.5600,397153.739,5859359.410,080000,29072025,0.000,,Nav Marker,,,,,1056, 998,0.04,-0.02,0,0,0,0,1,,,,,,,,,,,,,,,,,,
60.5720,397148.281,5859348.731,080000,29072025,0.000,,Nav Marker,,,,,1052, 996,0.02,-0.05,0,0,0,0,1,,,,,,,,,,,,,,,,,,
60.5840,397142.822,5859338.053,080000,29072025,0.000,,Nav Marker,,,,,1055, 995,0.05,0.03,0,0,0,0,1,,,,,,,,,,,,,,,,,,
60.5960,397137.363,5859327.375,080000,29072025,0.000,,Nav Marker,,,,,1044, 995,0.02,-0.05,0,0,0,0,1,,,,,,,,,,,,,,,,,,
60.6080,397131.904,5859316.697,080000,29072025,0.000,,Nav Marker,,,,,1046, 993,-0.0,0.0,0,0,0,0,0,,,,,,,,,,,,,,,,,,
60.6200,397126.445,5859306.019,080000,29072025,0.000,,Nav Marker,,,,,1054, 995,0.05,0.03,0,0,0,0,1,,,,,,,,,,,,,,,,,,
60.6320,397120.986,5859295.341,080000,29072025,0.000,,Nav Marker,,,,,1051, 995,0.06,0.04,0,0,0,0,1,,,,,,,,,,,,,,,,,,
60.6440,397115.528,5859284.663,080000,29072025,0.000,,Nav Marker,,,,,1052, 992,0.07,0.05,0,0,0,0,1,,,,,,,,,,,,,,,,,,
60.6560,397110.069,5859273.985,080000,29072025,0.000,,Nav Marker,,,,,1054, 997,0.05,-0.03,0,0,0,0,1,,,,,,,,,,,,,,,,,,
60.6680,397104.610,5859263.307,080000,29072025,0.000,,Nav Marker,,,,,1053, 995,0.02,-0.0,0,0,0,0,1,,,,,,,,,,,,,,,,,,
60.6800,397099.151,5859252.629,080000,29072025,0.000,,Nav Marker,,,,,1052, 995,0.03,0.0,0,0,0,0,1,,,,,,,,,,,,,,,,,,
60.6920,397093.692,5859241.951,080000,29072025,0.000,,Nav Marker,,,,,1051, 995,0.07,0.02,0,0,0,0,1,,,,,,,,,,,,,,,,,,
60.7040,397088.233,5859231.273,080000,29072025,0.000,,Nav Marker,,,,,1050, 993,0.03,-0.01,0,0,0,0,1,,,,,,,,,,,,,,,,,,
60.7160,397082.775,5859220.595,080000,29072025,0.000,,Nav Marker,,,,,1053, 993,0.04,0.03,0,0,0,0,1,,,,,,,,,,,,,,,,,,
60.7280,397077.316,5859209.917,080000,29072025,0.000,,Nav Marker,,,,,1051, 994,0.04,-0.02,0,0,0,0,1,,,,,,,,,,,,,,,,,,
60.7400,397071.857,5859199.238,080000,29072025,0.000,,Nav Marker,,,,,1050, 993,0.03,-0.01,0,0,0,0,1,,,,,,,,,,,,,,,,,,
60.7520,397066.398,5859188.560,080000,29072025,0.000,,Nav Marker,,,,,1054, 994,0.05,0.0,0,0,0,0,1,,,,,,,,,,,,,,,,,,
60.7640,397060.939,5859177.882,080000,29072025,0.000,,Nav Marker,,,,,1049, 996,0.07,0.03,0,0,0,0,1,,,,,,,,,,,,,,,,,,
60.7760,397055.480,5859167.204,080000,29072025,0.000,,Nav Marker,,,,,1048, 994,0.05,0.03,0,0,0,0,1,,,,,,,,,,,,,,,,,,
60.7880,397050.022,5859156.526,080000,29072025,0.000,,Nav Marker,,,,,1053, 992,0.06,0.02,0,0,0,0,1,,,,,,,,,,,,,,,,,,
60.8000,397044.563,5859145.848,080000,29072025,0.000,,Nav Marker,,,,,1054, 990,0.03,0.04,0,0,0,0,1,,,,,,,,,,,,,,,,,,
60.8120,397039.104,5859135.170,080000,29072025,0.000,,Nav Marker,,,,,1054, 993,0.02,-0.03,0,0,0,0,1,,,,,,,,,,,,,,,,,,
60.8240,397033.645,5859124.492,080000,29072025,0.000,,Nav Marker,,,,,1048, 992,0.04,0.04,0,0,0,0,1,,,,,,,,,,,,,,,,,,
60.8360,397028.186,5859113.814,080000,29072025,0.000,,Nav Marker,,,,,1050, 992,0.04,0.02,0,0,0,0,1,,,,,,,,,,,,,,,,,,
60.8480,397022.727,5859103.136,080000,29072025,0.000,,Nav Marker,,,,,1051, 989,0.04,0.01,0,0,0,0,1,,,,,,,,,,,,,,,,,,
60.8600,397017.269,5859092.458,080000,29072025,0.000,,Nav Marker,,,,,1055, 992,0.02,0.02,0,0,0,0,1,,,,,,,,,,,,,,,,,,
60.8720,397011.810,5859081.780,080000,29072025,0.000,,Nav Marker,,,,,1049, 994,0.04,-0.01,0,0,0,0,1,,,,,,,,,,,,,,,,,,
60.8840,397007.459,5859070.676,080000,29072025,0.000,,Nav Marker,,,,,1055, 995,0.08,0.03,0,0,0,0,1,,,,,,,,,,,,,,,,,,
60.8960,397003.329,5859059.486,080000,29072025,0.000,,Nav Marker,,,,,1049, 989,0.03,0.01,0,0,0,0,0,,,,,,,,,,,,,,,,,,
60.9080,396999.199,5859048.297,080000,29072025,0.000,,Nav Marker,,,,,1049, 989,0.07,0.03,0,0,0,0,1,,,,,,,,,,,,,,,,,,
60.9200,396995.069,5859037.108,080000,29072025,0.000,,Nav Marker,,,,,1049, 989,0.03,-0.01,0,0,0,0,1,,,,,,,,,,,,,,,,,,
60.9320,396990.940,5859025.919,080000,29072025,0.000,,Nav Marker,,,,,1049, 989,0.04,0.05,0,0,0,0,1,,,,,,,,,,,,,,,,,,
60.9440,396986.810,5859014.730,080000,29072025,0.000,,Nav Marker,,,,,1049, 989,0.03,0.04,0,0,0,0,1,,,,,,,,,,,,,,,,,,
60.9560,396982.680,5859003.541,080000,29072025,0.000,,Nav Marker,,,,,1049, 989,0.04,0.01,0,0,0,0,1,,,,,,,,,,,,,,,,,,
60.9680,396978.550,5858992.351,080000,29072025,0.000,,Nav Marker,,,,,1049, 989,0.04,0.01,0,0,0,0,1,,,,,,,,,,,,,,,,,,
60.9800,396974.421,5858981.162,080000,29072025,0.000,,Nav Marker,,,,,1049, 989,0.04,0.02,0,0,0,0,1,,,,,,,,,,,,,,,,,,
60.9920,396968.622,5858970.757,080000,29072025,0.000,,Nav Marker,,,,,1049, 989,0.04,0.03,0,0,0,0,1,,,,,,,,,,,,,,,,,,
61.0040,396961.632,5858960.913,080000,29072025,0.000,,Nav Marker,,,,,1049, 989,0.06,0.08,0,0,0,0,1,,,,,,,,,,,,,,,,,,
61.0160,396954.642,5858951.068,080000,29072025,0.000,,Nav Marker,,,,,1049, 989,0.04,0.01,0,0,0,0,1,,,,,,,,,,,,,,,,,,
61.0280,396947.651,5858941.223,080000,29072025,0.000,,Nav Marker,,,,,1049, 989,0.03,-0.03,0,0,0,0,1,,,,,,,,,,,,,,,,,,
61.0400,396940.661,5858931.379,080000,29072025,0.000,,Nav Marker,,,,,1049, 989,0.04,0.01,0,0,0,0,1,,,,,,,,,,,,,,,,,,
61.0520,396933.671,5858921.534,080000,29072025,0.000,,Nav Marker,,,,,1049, 989,0.02,-0.0,0,0,0,0,1,,,,,,,,,,,,,,,,,,
61.0640,396926.681,5858911.689,080000,29072025,0.000,,Nav Marker,,,,,1048, 986,0.04,-0.01,0,0,0,0,1,,,,,,,,,,,,,,,,,,
61.0760,396919.690,5858901.845,080000,29072025,0.000,,Nav Marker,,,,,1050, 994,0.04,0.02,0,0,0,0,1,,,,,,,,,,,,,,,,,,
61.0880,396912.700,5858892.000,080000,29072025,0.000,,Nav Marker,,,,,1050, 994,0.04,-0.0,0,0,0,0,1,,,,,,,,,,,,,,,,,,
61.1000,396907.491,5858881.187,080000,29072025,0.000,,Nav Marker,,,,,1050, 994,0.04,-0.0,0,0,0,0,1,,,,,,,,,,,,,,,,,,
61.1120,396902.282,5858870.374,080000,29072025,0.000,,Nav Marker,,,,,1050, 994,0.02,0.01,0,0,0,0,1,,,,,,,,,,,,,,,,,,
61.1240,396897.074,5858859.560,080000,29072025,0.000,,Nav Marker,,,,,1044, 987,0.05,0.01,0,0,0,0,1,,,,,,,,,,,,,,,,,,
61.1360,396891.865,5858848.747,080000,29072025,0.000,,Nav Marker,,,,,1043, 984,0.07,0.02,0,0,0,0,1,,,,,,,,,,,,,,,,,,
61.1480,396886.656,5858837.934,080000,29072025,0.000,,Nav Marker,,,,,1047, 985,0.07,0.01,0,0,0,0,1,,,,,,,,,,,,,,,,,,
61.1600,396881.447,5858827.121,080000,29072025,0.000,,Nav Marker,,,,,1048, 988,0.06,0.02,0,0,0,0,1,,,,,,,,,,,,,,,,,,
61.1720,396876.238,5858816.308,080000,29072025,0.000,,Nav Marker,,,,,1049, 985,0.09,0.02,0,0,0,0,1,,,,,,,,,,,,,,,,,,
61.1840,396871.469,5858805.324,080000,29072025,0.000,,Nav Marker,,,,,1050, 987,0.06,0.02,0,0,0,0,1,,,,,,,,,,,,,,,,,,
61.1960,396867.313,5858794.102,080000,29072025,0.000,,Nav Marker,,,,,1047, 982,0.1,0.04,0,0,0,0,1,,,,,,,,,,,,,,,,,,
61.2080,396863.157,5858782.880,080000,29072025,0.000,,Nav Marker,,,,,1047, 982,0.1,0.06,0,0,0,0,1,,,,,,,,,,,,,,,,,,
61.2200,396859.002,5858771.657,080000,29072025,0.000,,Nav Marker,,,,,1047, 982,0.11,0.03,0,0,0,0,1,,,,,,,,,,,,,,,,,,
61.2320,396854.846,5858760.435,080000,29072025,0.000,,Nav Marker,,,,,1047, 982,0.14,0.1,0,0,0,0,1,,,,,,,,,,,,,,,,,,
61.2440,396850.691,5858749.213,080000,29072025,0.000,,Nav Marker,,,,,1047, 982,0.11,0.09,0,0,0,0,1,,,,,,,,,,,,,,,,,,
61.2560,396846.535,5858737.991,080000,29072025,0.000,,Nav Marker,,,,,1047, 982,0.08,0.04,0,0,0,0,1,,,,,,,,,,,,,,,,,,
61.2680,396842.380,5858726.769,080000,29072025,0.000,,Nav Marker,,,,,1047, 982,0.09,0.15,0,0,0,0,1,,,,,,,,,,,,,,,,,,
61.2800,396838.224,5858715.546,080000,29072025,0.000,,Nav Marker,,,,,1047, 982,0.1,-0.06,0,0,0,0,1,,,,,,,,,,,,,,,,,,
61.2920,396835.623,5858703.565,080000,29072025,-2.280,,Nav Marker,,,,,1047, 982,0.32,0.39,0,0,0,0,1,,,,,,,,,,,,,,,,,,
61.3040,396830.597,5858692.830,080000,29072025,-2.610,,Nav Marker,,,,,1047, 982,0.3,0.69,0,0,0,0,1,,,,,,,,,,,,,,,,,,
61.3160,396825.047,5858682.358,080000,29072025,-2.350,,Nav Marker,,,,,1043, 972,0.32,0.89,0,0,0,0,1,,,,,,,,,,,,,,,,,,
61.3280,396819.139,5858672.066,080000,29072025,-1.690,,Nav Marker,,,,,1043, 972,0.28,0.78,0,0,0,0,1,,,,,,,,,,,,,,,,,,
61.3400,396813.282,5858661.694,080000,29072025,-1.130,,Nav Marker,,,,,1043, 972,0.3,0.65,0,0,0,0,1,,,,,,,,,,,,,,,,,,
61.3520,396807.681,5858650.991,080000,29072025,-1.030,,Nav Marker,,,,,1043, 972,0.28,0.52,0,0,0,0,1,,,,,,,,,,,,,,,,,,
61.3640,396802.368,5858640.139,080000,29072025,-1.270,,Nav Marker,,,,,1043, 972,0.25,0.25,0,0,0,0,1,,,,,,,,,,,,,,,,,,
61.3760,396795.720,5858629.973,080000,29072025,0.000,,Nav Marker,,,,,1043, 972,0.06,-0.07,0,0,0,0,1,,,,,,,,,,,,,,,,,,
61.3880,396790.200,5858619.227,080000,29072025,0.000,,Nav Marker,,,,,1047, 978,0.1,0.1,0,0,0,0,1,,,,,,,,,,,,,,,,,,
61.4000,396784.680,5858608.482,080000,29072025,0.000,,Nav Marker,,,,,1040, 981,0.1,0.06,0,0,0,0,1,,,,,,,,,,,,,,,,,,
61.4120,396779.160,5858597.736,080000,29072025,0.000,,Nav Marker,,,,,1043, 979,0.11,0.18,0,0,0,0,1,,,,,,,,,,,,,,,,,,
61.4240,396773.640,5858586.991,080000,29072025,0.000,,Nav Marker,,,,,1045, 981,0.07,-0.0,0,0,0,0,1,,,,,,,,,,,,,,,,,,
61.4360,396768.120,5858576.245,080000,29072025,0.000,,Nav Marker,,,,,1043, 980,0.13,0.16,0,0,0,0,1,,,,,,,,,,,,,,,,,,
61.4480,396762.600,5858565.500,080000,29072025,0.000,,Nav Marker,,,,,1019, 980,0.17,0.01,0,0,0,0,1,,,,,,,,,,,,,,,,,,
61.4600,396757.839,5858554.484,080000,29072025,0.000,,Nav Marker,,,,,1042, 980,0.09,0.04,0,0,0,0,1,,,,,,,,,,,,,,,,,,
61.4720,396753.079,5858543.467,080000,29072025,0.000,,Nav Marker,,,,,1042, 980,0.08,-0.09,0,0,0,0,1,,,,,,,,,,,,,,,,,,
61.4840,396748.318,5858532.451,080000,29072025,0.000,,Nav Marker,,,,,1041, 973,0.11,0.05,0,0,0,0,1,,,,,,,,,,,,,,,,,,
61.4960,396743.557,5858521.434,080000,29072025,0.000,,Nav Marker,,,,,1045, 978,0.09,0.11,0,0,0,0,1,,,,,,,,,,,,,,,,,,
61.5080,396738.797,5858510.418,080000,29072025,0.000,,Nav Marker,,,,,1046, 979,0.07,0.04,0,0,0,0,1,,,,,,,,,,,,,,,,,,
61.5200,396733.148,5858499.860,080000,29072025,0.000,,Nav Marker,,,,,1039, 971,0.09,0.06,0,0,0,0,1,,,,,,,,,,,,,,,,,,
61.5320,396727.419,5858489.344,080000,29072025,0.000,,Nav Marker,,,,,1047, 978,0.07,0.01,0,0,0,0,1,,,,,,,,,,,,,,,,,,
61.5440,396721.690,5858478.828,080000,29072025,0.000,,Nav Marker,,,,,1044, 977,0.08,-0.02,0,0,0,0,1,,,,,,,,,,,,,,,,,,
61.5560,396715.961,5858468.312,080000,29072025,0.000,,Nav Marker,,,,,1040, 978,0.08,-0.08,0,0,0,0,1,,,,,,,,,,,,,,,,,,
61.5680,396710.232,5858457.796,080000,29072025,0.000,,Nav Marker,,,,,1039, 975,0.05,-0.18,0,0,0,0,1,,,,,,,,,,,,,,,,,,
61.5800,396704.503,5858447.280,080000,29072025,0.000,,Nav Marker,,,,,1039, 975,0.07,-0.14,0,0,0,0,1,,,,,,,,,,,,,,,,,,
61.2840,396838.709,5858711.113,080000,29072025,-1.990,,Exposed_start,,,,,1047, 982,0.16,0.16,7,1,0,0,1,,,,,,,,,,,,,,,,,,
61.3740,396796.640,5858631.764,080000,29072025,0.000,,Exposed_end,,,,,1043, 972,0.06,-0.06,7,2,0,0,1,,,,,,,,,,,,,,,,,,
