KP,Easting,Northing,Time,Date,DCC,SD,Comments,Video,Anomaly,Bathy,DOB,ContactCP,ContinuousCP,CoverLocal,CoverMSB,Code1,Code2,Code3,Span,Exposure,Movement,WghtCt,Stab,SpanLength,SpanLengthOdom,SpanHeight,SpanDEI,Location,Offset,DimX,DimY,DimZ,Anomlink,VideoCount,UniqueID,Dummy3,Dummy4,DummyString
200.8400,396568.749,5861463.460,090000,29072025,2.220,,Start of MBES Survey,,,,,1039,1020,,,12,1,0,,,,,,,,,,,,,,,,,,,,
203.4490,396292.066,5858869.116,090000,29072025,0.000,,End of MBES Survey,,,,,1024,1006,,,12,2,0,,,,,,,,,,,,,,,,,,,,
200.8400,396568.749,5861463.460,090000,29072025,2.220,,Nav Marker,,,,,1039,1020,0.05,-0.2,0,0,0,0,1,,,,,,,,,,,,,,,,,,
200.8520,396567.376,5861451.534,090000,29072025,1.500,,Nav Marker,,,,,1039,1020,0.06,-0.25,0,0,0,0,1,,,,,,,,,,,,,,,,,,
200.8640,396566.189,5861439.564,090000,29072025,0.590,,Nav Marker,,,,,1039,1020,0.09,-0.23,0,0,0,0,1,,,,,,,,,,,,,,,,,,
200.8760,396565.045,5861427.575,090000,29072025,-0.360,,Nav Marker,,,,,1039,1020,0.13,-0.13,0,0,0,0,1,,,,,,,,,,,,,,,,,,
200.8880,396563.753,5861415.715,090000,29072025,-1.060,,Nav Marker,,,,,1039,1020,0.1,-0.25,0,0,0,0,1,,,,,,,,,,,,,,,,,,
200.9000,396561.171,5861403.923,090000,29072025,0.000,,Nav Marker,,,,,1039,1020,0.01,-0.22,0,0,0,0,1,,,,,,,,,,,,,,,,,,
200.9120,396559.635,5861391.998,090000,29072025,0.000,,Nav Marker,,,,,1039,1020,0.01,-0.08,0,0,0,0,0,,,,,,,,,,,,,,,,,,
200.9240,396558.099,5861380.072,090000,29072025,0.000,,Nav Marker,,,,,1039,1020,0.01,-0.1,0,0,0,0,0,,,,,,,,,,,,,,,,,,
200.9360,396556.564,5861368.146,090000,29072025,0.000,,Nav Marker,,,,,1039,1020,0.03,-0.13,0,0,0,0,1,,,,,,,,,,,,,,,,,,
200.9480,396555.028,5861356.220,090000,29072025,0.000,,Nav Marker,,,,,1039,1020,0.01,-0.1,0,0,0,0,1,,,,,,,,,,,,,,,,,,
200.9600,396553.493,5861344.294,090000,29072025,0.000,,Nav Marker,,,,,1039,1020,0.0,-0.11,0,0,0,0,0,,,,,,,,,,,,,,,,,,
200.9720,396551.957,5861332.368,090000,29072025,0.000,,Nav Marker,,,,,1039,1020,0.02,-0.04,0,0,0,0,0,,,,,,,,,,,,,,,,,,
200.9840,396550.422,5861320.442,090000,29072025,0.000,,Nav Marker,,,,,1039,1020,0.02,-0.04,0,0,0,0,0,,,,,,,,,,,,,,,,,,
200.9960,396548.886,5861308.516,090000,29072025,0.000,,Nav Marker,,,,,1039,1020,0.04,-0.06,0,0,0,0,1,,,,,,,,,,,,,,,,,,
201.0080,396547.351,5861296.590,090000,29072025,0.000,,Nav Marker,,,,,1039,1020,0.01,-0.06,0,0,0,0,1,,,,,,,,,,,,,,,,,,
201.0200,396545.815,5861284.664,090000,29072025,0.000,,Nav Marker,,,,,1039,1020,0.0,-0.04,0,0,0,0,0,,,,,,,,,,,,,,,,,,
201.0320,396544.280,5861272.738,090000,29072025,0.000,,Nav Marker,,,,,1039,1020,0.03,-0.02,0,0,0,0,0,,,,,,,,,,,,,,,,,,
201.0440,396542.770,5861260.810,090000,29072025,0.000,,Nav Marker,,,,,1039,1020,0.0,-0.05,0,0,0,0,0,,,,,,,,,,,,,,,,,,
201.0560,396541.391,5861248.872,090000,29072025,0.000,,Nav Marker,,,,,1039,1020,-0.01,-0.07,0,0,0,0,0,,,,,,,,,,,,,,,,,,
201.0680,396540.012,5861236.935,090000,29072025,0.000,,Nav Marker,,,,,1039,1020,0.01,-0.05,0,0,0,0,0,,,,,,,,,,,,,,,,,,
201.0800,396538.633,5861224.997,090000,29072025,0.000,,Nav Marker,,,,,1039,1020,0.02,-0.02,0,0,0,0,1,,,,,,,,,,,,,,,,,,
201.0920,396537.254,5861213.059,090000,29072025,0.000,,Nav Marker,,,,,1039,1020,0.0,-0.03,0,0,0,0,0,,,,,,,,,,,,,,,,,,
201.1040,396535.875,5861201.121,090000,29072025,0.000,,Nav Marker,,,,,1039,1020,0.02,-0.0,0,0,0,0,0,,,,,,,,,,,,,,,,,,
201.1160,396534.496,5861189.183,090000,29072025,0.000,,Nav Marker,,,,,1039,1020,0.05,0.03,0,0,0,0,1,,,,,,,,,,,,,,,,,,
201.1280,396533.117,5861177.245,090000,29072025,0.000,,Nav Marker,,,,,1039,1020,0.0,-0.08,0,0,0,0,1,,,,,,,,,,,,,,,,,,
201.1400,396531.738,5861165.307,090000,29072025,0.000,,Nav Marker,,,,,1039,1020,0.01,-0.01,0,0,0,0,1,,,,,,,,,,,,,,,,,,
201.1520,396530.359,5861153.370,090000,29072025,0.000,,Nav Marker,,,,,1039,1020,0.03,0.0,0,0,0,0,1,,,,,,,,,,,,,,,,,,
201.1640,396528.980,5861141.432,090000,29072025,0.000,,Nav Marker,,,,,1039,1020,0.0,-0.04,0,0,0,0,0,,,,,,,,,,,,,,,,,,
201.1760,396527.601,5861129.494,090000,29072025,0.000,,Nav Marker,,,,,1039,1020,0.0,-0.02,0,0,0,0,0,,,,,,,,,,,,,,,,,,
201.1880,396526.222,5861117.556,090000,29072025,0.000,,Nav Marker,,,,,1039,1020,0.02,0.03,0,0,0,0,0,,,,,,,,,,,,,,,,,,
201.2000,396524.843,5861105.618,090000,29072025,0.000,,Nav Marker,,,,,1039,1020,0.02,-0.05,0,0,0,0,0,,,,,,,,,,,,,,,,,,
201.2120,396523.464,5861093.680,090000,29072025,0.000,,Nav Marker,,,,,1039,1020,0.01,0.03,0,0,0,0,0,,,,,,,,,,,,,,,,,,
201.2240,396522.085,5861081.742,090000,29072025,0.000,,Nav Marker,,,,,1039,1020,0.03,0.03,0,0,0,0,1,,,,,,,,,,,,,,,,,,
201.2360,396520.706,5861069.805,090000,29072025,0.000,,Nav Marker,,,,,1039,1020,0.02,0.0,0,0,0,0,1,,,,,,,,,,,,,,,,,,
201.2480,396519.327,5861057.867,090000,29072025,0.000,,Nav Marker,,,,,1039,1020,0.04,0.05,0,0,0,0,1,,,,,,,,,,,,,,,,,,
201.2600,396517.948,5861045.929,090000,29072025,0.000,,Nav Marker,,,,,1039,1020,0.03,0.06,0,0,0,0,1,,,,,,,,,,,,,,,,,,
201.2720,396516.569,5861033.991,090000,29072025,0.000,,Nav Marker,,,,,1039,1020,0.04,0.03,0,0,0,0,1,,,,,,,,,,,,,,,,,,
201.2840,396515.190,5861022.053,090000,29072025,0.000,,Nav Marker,,,,,1039,1020,0.01,0.01,0,0,0,0,1,,,,,,,,,,,,,,,,,,
201.2960,396513.811,5861010.115,090000,29072025,0.000,,Nav Marker,,,,,1039,1020,0.0,-0.05,0,0,0,0,0,,,,,,,,,,,,,,,,,,
201.3080,396512.432,5860998.177,090000,29072025,0.000,,Nav Marker,,,,,1039,1020,0.0,-0.14,0,0,0,0,0,,,,,,,,,,,,,,,,,,
201.3200,396511.084,5860986.236,090000,29072025,-0.030,,Nav Marker,,,,,1039,1020,0.04,0.08,0,0,0,0,1,,,,,,,,,,,,,,,,,,
201.3320,396509.406,5860974.341,090000,29072025,0.270,,Nav Marker,,,,,1039,1020,0.09,0.15,0,0,0,0,1,,,,,,,,,,,,,,,,,,
201.3440,396508.253,5860962.425,090000,29072025,0.000,,Nav Marker,,,,,1039,1020,0.02,0.01,0,0,0,0,1,,,,,,,,,,,,,,,,,,
201.3560,396506.825,5860950.561,090000,29072025,0.000,,Nav Marker,,,,,1039,1020,0.03,0.02,0,0,0,0,1,,,,,,,,,,,,,,,,,,
201.3680,396505.396,5860938.696,090000,29072025,0.000,,Nav Marker,,,,,1039,1020,0.05,0.04,0,0,0,0,1,,,,,,,,,,,,,,,,,,
201.3800,396503.967,5860926.832,090000,29072025,0.000,,Nav Marker,,,,,1039,1020,0.02,-0.07,0,0,0,0,0,,,,,,,,,,,,,,,,,,
201.3920,396502.538,5860914.967,090000,29072025,0.000,,Nav Marker,,,,,1039,1020,0.01,-0.04,0,0,0,0,1,,,,,,,,,,,,,,,,,,
201.4040,396501.110,5860903.103,090000,29072025,0.000,,Nav Marker,,,,,1039,1020,0.01,0.0,0,0,0,0,1,,,,,,,,,,,,,,,,,,
201.4160,396499.913,5860891.205,090000,29072025,-0.170,,Nav Marker,,,,,1039,1020,0.08,0.21,0,0,0,0,1,,,,,,,,,,,,,,,,,,
201.4280,396498.783,5860879.278,090000,29072025,-0.100,,Nav Marker,,,,,1039,1020,0.16,0.35,0,0,0,0,1,,,,,,,,,,,,,,,,,,
201.4400,396497.634,5860867.346,090000,29072025,0.000,,Nav Marker,,,,,1039,1020,0.17,0.32,0,0,0,0,1,,,,,,,,,,,,,,,,,,
201.4520,396496.402,5860855.422,090000,29072025,0.170,,Nav Marker,,,,,1039,1020,0.14,0.26,0,0,0,0,1,,,,,,,,,,,,,,,,,,
201.4640,396495.256,5860843.491,090000,29072025,0.270,,Nav Marker,,,,,1039,1020,0.16,0.43,0,0,0,0,1,,,,,,,,,,,,,,,,,,
201.4760,396494.101,5860831.560,090000,29072025,0.370,,Nav Marker,,,,,1039,1020,0.16,0.46,0,0,0,0,1,,,,,,,,,,,,,,,,,,
201.4880,396493.138,5860819.612,090000,29072025,0.270,,Nav Marker,,,,,1039,1020,0.03,0.5,0,0,0,0,1,,,,,,,,,,,,,,,,,,
201.5000,396491.978,5860807.681,090000,29072025,0.380,,Nav Marker,,,,,1039,1020,0.06,0.43,0,0,0,0,1,,,,,,,,,,,,,,,,,,
201.5120,396490.871,5860795.746,090000,29072025,0.430,,Nav Marker,,,,,1039,1020,0.05,0.32,0,0,0,0,1,,,,,,,,,,,,,,,,,,
201.5240,396489.792,5860783.808,090000,29072025,0.450,,Nav Marker,,,,,1039,1020,0.19,0.34,0,0,0,0,1,,,,,,,,,,,,,,,,,,
201.5360,396488.778,5860771.865,090000,29072025,0.410,,Nav Marker,,,,,1039,1020,0.09,0.3,0,0,0,0,1,,,,,,,,,,,,,,,,,,
201.5480,396487.799,5860759.919,090000,29072025,0.330,,Nav Marker,,,,,1039,1020,0.12,0.28,0,0,0,0,1,,,,,,,,,,,,,,,,,,
201.5600,396486.968,5860747.959,090000,29072025,0.110,,Nav Marker,,,,,1039,1020,0.12,0.26,0,0,0,0,1,,,,,,,,,,,,,,,,,,
201.5720,396485.901,5860736.020,090000,29072025,0.120,,Nav Marker,,,,,1039,1020,0.1,0.22,0,0,0,0,1,,,,,,,,,,,,,,,,,,
201.5840,396484.966,5860724.070,090000,29072025,0.000,,Nav Marker,,,,,1039,1020,0.12,0.22,0,0,0,0,1,,,,,,,,,,,,,,,,,,
201.5960,396483.996,5860712.123,090000,29072025,-0.090,,Nav Marker,,,,,1039,1020,0.15,0.28,0,0,0,0,1,,,,,,,,,,,,,,,,,,
201.6080,396483.095,5860700.169,090000,29072025,-0.240,,Nav Marker,,,,,1039,1020,0.09,0.2,0,0,0,0,1,,,,,,,,,,,,,,,,,,
201.6200,396482.176,5860688.218,090000,29072025,-0.380,,Nav Marker,,,,,1039,1020,0.17,0.19,0,0,0,0,1,,,,,,,,,,,,,,,,,,
201.6320,396481.345,5860676.258,090000,29072025,-0.610,,Nav Marker,,,,,1039,1020,0.06,0.19,0,0,0,0,1,,,,,,,,,,,,,,,,,,
201.6440,396480.386,5860664.310,090000,29072025,-0.700,,Nav Marker,,,,,1039,1020,0.2,0.33,0,0,0,0,1,,,,,,,,,,,,,,,,,,
201.6560,396479.466,5860652.358,090000,29072025,-0.840,,Nav Marker,,,,,1039,1020,0.25,0.39,0,0,0,0,1,,,,,,,,,,,,,,,,,,
201.6680,396478.540,5860640.407,090000,29072025,-0.970,,Nav Marker,,,,,1039,1020,0.18,0.39,0,0,0,0,1,,,,,,,,,,,,,,,,,,
201.6800,396477.244,5860628.488,090000,29072025,-0.730,,Nav Marker,,,,,1039,1020,0.19,0.4,0,0,0,0,1,,,,,,,,,,,,,,,,,,
201.6920,396476.054,5860616.561,090000,29072025,-0.590,,Nav Marker,,,,,1039,1020,0.11,0.34,0,0,0,0,1,,,,,,,,,,,,,,,,,,
201.7040,396475.038,5860604.617,090000,29072025,-0.630,,Nav Marker,,,,,1039,1020,0.17,0.28,0,0,0,0,1,,,,,,,,,,,,,,,,,,
201.7160,396473.912,5860592.684,090000,29072025,-0.560,,Nav Marker,,,,,1039,1020,0.16,0.29,0,0,0,0,1,,,,,,,,,,,,,,,,,,
201.7280,396472.740,5860580.754,090000,29072025,-0.450,,Nav Marker,,,,,1039,1020,0.15,0.24,0,0,0,0,1,,,,,,,,,,,,,,,,,,
201.7400,396471.772,5860568.800,090000,29072025,-0.530,,Nav Marker,,,,,1039,1020,0.07,0.13,0,0,0,0,1,,,,,,,,,,,,,,,,,,
201.7520,396470.792,5860556.833,090000,29072025,-0.720,,Nav Marker,,,,,1039,1020,0.07,0.16,0,0,0,0,1,,,,,,,,,,,,,,,,,,
201.7640,396469.825,5860544.858,090000,29072025,-0.960,,Nav Marker,,,,,1039,1020,0.09,0.12,0,0,0,0,1,,,,,,,,,,,,,,,,,,
201.7760,396468.896,5860532.879,090000,29072025,-1.240,,Nav Marker,,,,,1039,1020,0.12,0.28,0,0,0,0,1,,,,,,,,,,,,,,,,,,
201.7880,396468.055,5860520.892,090000,29072025,-1.600,,Nav Marker,,,,,1039,1020,0.08,0.32,0,0,0,0,1,,,,,,,,,,,,,,,,,,
201.8000,396467.154,5860508.910,090000,29072025,-1.910,,Nav Marker,,,,,1039,1020,0.21,0.45,0,0,0,0,1,,,,,,,,,,,,,,,,,,
201.8120,396466.154,5860496.938,090000,29072025,-2.110,,Nav Marker,,,,,1039,1020,0.11,0.32,0,0,0,0,1,,,,,,,,,,,,,,,,,,
201.8240,396465.095,5860484.973,090000,29072025,-2.260,,Nav Marker,,,,,1039,1020,0.07,0.38,0,0,0,0,1,,,,,,,,,,,,,,,,,,
201.8360,396464.016,5860473.009,090000,29072025,-2.390,,Nav Marker,,,,,1039,1020,0.13,0.36,0,0,0,0,1,,,,,,,,,,,,,,,,,,
201.8480,396462.887,5860461.050,090000,29072025,-2.460,,Nav Marker,,,,,1039,1020,0.11,0.36,0,0,0,0,1,,,,,,,,,,,,,,,,,,
201.8600,396461.746,5860449.093,090000,29072025,-2.530,,Nav Marker,,,,,1039,1020,0.18,0.41,0,0,0,0,1,,,,,,,,,,,,,,,,,,
201.8720,396460.583,5860437.138,090000,29072025,-2.570,,Nav Marker,,,,,1039,1020,0.1,0.42,0,0,0,0,1,,,,,,,,,,,,,,,,,,
201.8840,396459.459,5860425.178,090000,29072025,-2.650,,Nav Marker,,,,,1039,1020,0.09,0.47,0,0,0,0,1,,,,,,,,,,,,,,,,,,
201.8960,396458.000,5860413.253,090000,29072025,-2.390,,Nav Marker,,,,,1039,1020,0.13,0.49,0,0,0,0,1,,,,,,,,,,,,,,,,,,
201.9080,396456.615,5860401.320,090000,29072025,-2.210,,Nav Marker,,,,,1039,1020,0.17,0.5,0,0,0,0,1,,,,,,,,,,,,,,,,,,
201.9200,396455.215,5860389.389,090000,29072025,-2.010,,Nav Marker,,,,,1039,1020,0.19,0.52,0,0,0,0,1,,,,,,,,,,,,,,,,,,
201.9320,396453.656,5860377.473,090000,29072025,-1.660,,Nav Marker,,,,,1039,1020,0.18,0.6,0,0,0,0,1,,,,,,,,,,,,,,,,,,
201.9440,396452.187,5860365.549,090000,29072025,-1.390,,Nav Marker,,,,,1039,1020,0.21,0.65,0,0,0,0,1,,,,,,,,,,,,,,,,,,
201.9560,396450.829,5860353.614,090000,29072025,-1.240,,Nav Marker,,,,,1039,1020,0.24,0.77,0,0,0,0,1,,,,,,,,,,,,,,,,,,
201.9680,396449.388,5860341.686,090000,29072025,-1.000,,Nav Marker,,,,,1039,1020,0.25,0.85,0,0,0,0,1,,,,,,,,,,,,,,,,,,
201.9800,396448.120,5860329.742,090000,29072025,-0.940,,Nav Marker,,,,,1039,1020,0.23,0.77,0,0,0,0,1,,,,,,,,,,,,,,,,,,
201.9920,396446.823,5860317.800,090000,29072025,-0.840,,Nav Marker,,,,,1039,1020,0.12,0.47,0,0,0,0,1,,,,,,,,,,,,,,,,,,
202.0040,396445.531,5860305.858,090000,29072025,-0.760,,Nav Marker,,,,,1039,1020,0.05,0.17,0,0,0,0,1,,,,,,,,,,,,,,,,,,
202.0160,396444.424,5860293.897,090000,29072025,-0.850,,Nav Marker,,,,,1039,1020,0.06,0.14,0,0,0,0,1,,,,,,,,,,,,,,,,,,
202.0280,396443.009,5860281.967,090000,29072025,-0.640,,Nav Marker,,,,,1039,1020,0.13,0.37,0,0,0,0,1,,,,,,,,,,,,,,,,,,
202.0400,396441.891,5860270.007,090000,29072025,-0.730,,Nav Marker,,,,,1039,1020,0.22,0.41,0,0,0,0,1,,,,,,,,,,,,,,,,,,
202.0520,396440.685,5860258.056,090000,29072025,-0.730,,Nav Marker,,,,,1039,1020,0.2,0.55,0,0,0,0,1,,,,,,,,,,,,,,,,,,
202.0640,396439.589,5860246.094,090000,29072025,-0.840,,Nav Marker,,,,,1039,1020,0.25,0.52,0,0,0,0,1,,,,,,,,,,,,,,,,,,
202.0760,396438.458,5860234.136,090000,29072025,-0.910,,Nav Marker,,,,,1039,1020,0.19,0.5,0,0,0,0,1,,,,,,,,,,,,,,,,,,
202.0880,396437.079,5860222.202,090000,29072025,-0.740,,Nav Marker,,,,,1039,1020,0.07,0.42,0,0,0,0,1,,,,,,,,,,,,,,,,,,
202.1000,396436.122,5860210.226,090000,29072025,-0.980,,Nav Marker,,,,,1039,1020,0.27,0.36,0,0,0,0,1,,,,,,,,,,,,,,,,,,
202.1120,396434.829,5860198.284,090000,29072025,-0.890,,Nav Marker,,,,,1039,1020,0.21,0.3,0,0,0,0,1,,,,,,,,,,,,,,,,,,
202.1240,396433.591,5860186.336,090000,29072025,-0.860,,Nav Marker,,,,,1039,1020,0.2,0.37,0,0,0,0,1,,,,,,,,,,,,,,,,,,
202.1360,396432.326,5860174.391,090000,29072025,-0.800,,Nav Marker,,,,,1039,1020,0.19,0.37,0,0,0,0,1,,,,,,,,,,,,,,,,,,
202.1480,396431.057,5860162.447,090000,29072025,-0.740,,Nav Marker,,,,,1039,1020,0.22,0.38,0,0,0,0,1,,,,,,,,,,,,,,,,,,
202.1600,396429.831,5860150.498,090000,29072025,-0.710,,Nav Marker,,,,,1039,1020,0.19,0.32,0,0,0,0,1,,,,,,,,,,,,,,,,,,
202.1720,396428.750,5860138.535,090000,29072025,-0.840,,Nav Marker,,,,,1039,1020,0.2,0.36,0,0,0,0,1,,,,,,,,,,,,,,,,,,
202.1840,396427.471,5860126.591,090000,29072025,-0.760,,Nav Marker,,,,,1039,1020,0.2,0.37,0,0,0,0,1,,,,,,,,,,,,,,,,,,
202.1960,396426.273,5860114.639,090000,29072025,-0.770,,Nav Marker,,,,,1039,1020,0.13,0.22,0,0,0,0,1,,,,,,,,,,,,,,,,,,
202.2080,396425.003,5860102.695,090000,29072025,-0.710,,Nav Marker,,,,,1039,1020,0.13,0.24,0,0,0,0,1,,,,,,,,,,,,,,,,,,
202.2200,396423.995,5860090.724,090000,29072025,-0.900,,Nav Marker,,,,,1039,1020,0.19,0.38,0,0,0,0,1,,,,,,,,,,,,,,,,,,
202.2320,396422.649,5860078.787,090000,29072025,-0.760,,Nav Marker,,,,,1039,1020,0.27,0.49,0,0,0,0,1,,,,,,,,,,,,,,,,,,
202.2440,396421.348,5860066.846,090000,29072025,-0.660,,Nav Marker,,,,,1039,1020,0.29,0.49,0,0,0,0,1,,,,,,,,,,,,,,,,,,
202.2560,396419.886,5860054.923,090000,29072025,-0.410,,Nav Marker,,,,,1039,1020,0.25,0.36,0,0,0,0,1,,,,,,,,,,,,,,,,,,
202.2680,396418.590,5860042.994,090000,29072025,-0.350,,Nav Marker,,,,,1039,1020,0.11,0.07,0,0,0,0,1,,,,,,,,,,,,,,,,,,
202.2800,396417.013,5860031.094,090000,29072025,0.000,,Nav Marker,,,,,1039,1020,0.02,0.01,0,0,0,0,1,,,,,,,,,,,,,,,,,,
202.2920,396415.781,5860019.159,090000,29072025,0.000,,Nav Marker,,,,,1039,1020,0.02,-0.08,0,0,0,0,0,,,,,,,,,,,,,,,,,,
202.3040,396414.549,5860007.224,090000,29072025,0.000,,Nav Marker,,,,,1039,1020,0.01,0.01,0,0,0,0,1,,,,,,,,,,,,,,,,,,
202.3160,396413.318,5859995.288,090000,29072025,0.000,,Nav Marker,,,,,1039,1020,0.02,0.0,0,0,0,0,0,,,,,,,,,,,,,,,,,,
202.3280,396412.086,5859983.353,090000,29072025,0.000,,Nav Marker,,,,,1039,1020,0.02,-0.02,0,0,0,0,0,,,,,,,,,,,,,,,,,,
202.3400,396410.854,5859971.417,090000,29072025,0.000,,Nav Marker,,,,,1039,1020,0.02,-0.08,0,0,0,0,1,,,,,,,,,,,,,,,,,,
202.3520,396409.622,5859959.482,090000,29072025,0.000,,Nav Marker,,,,,1044,1020,0.01,-0.02,0,0,0,0,1,,,,,,,,,,,,,,,,,,
202.3640,396408.390,5859947.546,090000,29072025,0.000,,Nav Marker,,,,,1044,1020,0.02,-0.06,0,0,0,0,1,,,,,,,,,,,,,,,,,,
202.3760,396407.158,5859935.611,090000,29072025,0.000,,Nav Marker,,,,,1044,1020,0.03,-0.07,0,0,0,0,1,,,,,,,,,,,,,,,,,,
202.3880,396405.926,5859923.676,090000,29072025,0.000,,Nav Marker,,,,,1044,1020,0.03,0.0,0,0,0,0,1,,,,,,,,,,,,,,,,,,
202.4000,396404.694,5859911.740,090000,29072025,0.000,,Nav Marker,,,,,1044,1020,0.03,-0.11,0,0,0,0,1,,,,,,,,,,,,,,,,,,
202.4120,396403.462,5859899.805,090000,29072025,0.000,,Nav Marker,,,,,1044,1022,0.02,-0.02,0,0,0,0,0,,,,,,,,,,,,,,,,,,
202.4240,396402.230,5859887.869,090000,29072025,0.000,,Nav Marker,,,,,1044,1022,-0.0,-0.21,0,0,0,0,0,,,,,,,,,,,,,,,,,,
202.4360,396400.999,5859875.934,090000,29072025,0.000,,Nav Marker,,,,,1044,1022,0.01,-0.18,0,0,0,0,0,,,,,,,,,,,,,,,,,,
202.4480,396399.767,5859863.999,090000,29072025,0.000,,Nav Marker,,,,,1044,1022,0.01,-0.11,0,0,0,0,0,,,,,,,,,,,,,,,,,,
202.4600,396398.535,5859852.063,090000,29072025,0.000,,Nav Marker,,,,,1044,1021,0.01,-0.01,0,0,0,0,1,,,,,,,,,,,,,,,,,,
202.4720,396397.303,5859840.128,090000,29072025,0.000,,Nav Marker,,,,,1011,1020,0.03,0.0,0,0,0,0,1,,,,,,,,,,,,,,,,,,
202.4840,396396.071,5859828.192,090000,29072025,0.000,,Nav Marker,,,,,1043,1022,0.01,-0.02,0,0,0,0,0,,,,,,,,,,,,,,,,,,
202.4960,396394.839,5859816.257,090000,29072025,0.000,,Nav Marker,,,,,1042,1017,0.01,-0.02,0,0,0,0,0,,,,,,,,,,,,,,,,,,
202.5080,396393.607,5859804.322,090000,29072025,0.000,,Nav Marker,,,,,1044,1024,-0.01,-0.01,0,0,0,0,0,,,,,,,,,,,,,,,,,,
202.5200,396392.375,5859792.386,090000,29072025,0.000,,Nav Marker,,,,,1047,1021,0.02,0.05,0,0,0,0,1,,,,,,,,,,,,,,,,,,
202.5320,396391.143,5859780.451,090000,29072025,0.000,,Nav Marker,,,,,1017,1020,-0.0,-0.04,0,0,0,0,0,,,,,,,,,,,,,,,,,,
202.5440,396389.911,5859768.515,090000,29072025,0.000,,Nav Marker,,,,,1044, 996,0.02,-0.01,0,0,0,0,1,,,,,,,,,,,,,,,,,,
202.5560,396388.680,5859756.580,090000,29072025,0.000,,Nav Marker,,,,,1041,1023,0.01,0.01,0,0,0,0,0,,,,,,,,,,,,,,,,,,
202.5680,396387.448,5859744.645,090000,29072025,0.000,,Nav Marker,,,,,1041,1020,0.01,-0.04,0,0,0,0,1,,,,,,,,,,,,,,,,,,
202.5800,396386.216,5859732.709,090000,29072025,0.000,,Nav Marker,,,,,1042,1021,0.02,-0.06,0,0,0,0,1,,,,,,,,,,,,,,,,,,
202.5920,396383.705,5859720.906,090000,29072025,1.290,,Nav Marker,,,,,1046,1021,0.03,0.02,0,0,0,0,0,,,,,,,,,,,,,,,,,,
202.6040,396383.752,5859708.838,090000,29072025,0.000,,Nav Marker,,,,,1040,1023,-0.0,-0.06,0,0,0,0,0,,,,,,,,,,,,,,,,,,
202.6160,396382.520,5859696.903,090000,29072025,0.000,,Nav Marker,,,,,1042,1021,0.01,0.02,0,0,0,0,0,,,,,,,,,,,,,,,,,,
202.6280,396381.288,5859684.968,090000,29072025,0.000,,Nav Marker,,,,,1041,1024,0.01,0.02,0,0,0,0,1,,,,,,,,,,,,,,,,,,
202.6400,396380.056,5859673.032,090000,29072025,0.000,,Nav Marker,,,,,1040,1017,-0.0,0.05,0,0,0,0,0,,,,,,,,,,,,,,,,,,
202.6520,396378.824,5859661.097,090000,29072025,0.000,,Nav Marker,,,,,1044,1020,0.02,-0.0,0,0,0,0,0,,,,,,,,,,,,,,,,,,
202.6640,396377.592,5859649.161,090000,29072025,0.000,,Nav Marker,,,,,1042,1027,0.01,0.03,0,0,0,0,1,,,,,,,,,,,,,,,,,,
202.6760,396376.361,5859637.226,090000,29072025,0.000,,Nav Marker,,,,,1041,1019,0.01,-0.02,0,0,0,0,1,,,,,,,,,,,,,,,,,,
202.6880,396375.129,5859625.290,090000,29072025,0.000,,Nav Marker,,,,,1041,1020,0.02,0.02,0,0,0,0,0,,,,,,,,,,,,,,,,,,
202.7000,396373.897,5859613.355,090000,29072025,0.000,,Nav Marker,,,,,1044,1017,0.02,-0.01,0,0,0,0,1,,,,,,,,,,,,,,,,,,
202.7120,396372.665,5859601.420,090000,29072025,0.000,,Nav Marker,,,,,1042,1016,0.01,0.06,0,0,0,0,1,,,,,,,,,,,,,,,,,,
202.7240,396371.433,5859589.484,090000,29072025,0.000,,Nav Marker,,,,,1044,1020,0.02,-0.03,0,0,0,0,1,,,,,,,,,,,,,,,,,,
202.7360,396370.201,5859577.549,090000,29072025,0.000,,Nav Marker,,,,,1041,1020,0.02,0.02,0,0,0,0,1,,,,,,,,,,,,,,,,,,
202.7480,396368.969,5859565.613,090000,29072025,0.000,,Nav Marker,,,,,1039,1017,0.02,0.01,0,0,0,0,1,,,,,,,,,,,,,,,,,,
202.7600,396367.737,5859553.678,090000,29072025,0.000,,Nav Marker,,,,,1039,1017,0.01,0.04,0,0,0,0,0,,,,,,,,,,,,,,,,,,
202.7720,396366.505,5859541.743,090000,29072025,0.000,,Nav Marker,,,,,1039,1017,0.0,0.01,0,0,0,0,0,,,,,,,,,,,,,,,,,,
202.7840,396365.273,5859529.807,090000,29072025,0.000,,Nav Marker,,,,,1039,1017,0.01,0.08,0,0,0,0,0,,,,,,,,,,,,,,,,,,
202.7960,396364.042,5859517.872,090000,29072025,0.000,,Nav Marker,,,,,1039,1017,0.01,0.05,0,0,0,0,1,,,,,,,,,,,,,,,,,,
202.8080,396362.810,5859505.936,090000,29072025,0.000,,Nav Marker,,,,,1039,1017,0.02,0.05,0,0,0,0,1,,,,,,,,,,,,,,,,,,
202.8200,396361.578,5859494.001,090000,29072025,0.000,,Nav Marker,,,,,1039,1017,0.02,0.05,0,0,0,0,0,,,,,,,,,,,,,,,,,,
202.8320,396360.346,5859482.066,090000,29072025,0.000,,Nav Marker,,,,,1039,1017,0.02,0.04,0,0,0,0,1,,,,,,,,,,,,,,,,,,
202.8440,396359.114,5859470.130,090000,29072025,0.000,,Nav Marker,,,,,1038,1013,0.01,0.06,0,0,0,0,1,,,,,,,,,,,,,,,,,,
202.8560,396357.882,5859458.195,090000,29072025,0.000,,Nav Marker,,,,,1038,1013,-0.0,0.01,0,0,0,0,0,,,,,,,,,,,,,,,,,,
202.8680,396356.650,5859446.259,090000,29072025,0.000,,Nav Marker,,,,,1038,1017,0.02,0.04,0,0,0,0,1,,,,,,,,,,,,,,,,,,
202.8800,396355.418,5859434.324,090000,29072025,0.000,,Nav Marker,,,,,1039,1014,0.02,-0.01,0,0,0,0,0,,,,,,,,,,,,,,,,,,
202.8920,396354.234,5859422.393,090000,29072025,0.000,,Nav Marker,,,,,1029,1009,0.02,0.01,0,0,0,0,1,,,,,,,,,,,,,,,,,,
202.9040,396353.146,5859410.469,090000,29072025,0.000,,Nav Marker,,,,,1029,1009,0.02,0.09,0,0,0,0,1,,,,,,,,,,,,,,,,,,
202.9160,396352.057,5859398.546,090000,29072025,0.000,,Nav Marker,,,,,1029,1009,0.01,0.04,0,0,0,0,1,,,,,,,,,,,,,,,,,,
202.9280,396350.969,5859386.623,090000,29072025,0.000,,Nav Marker,,,,,1029,1009,0.02,0.13,0,0,0,0,0,,,,,,,,,,,,,,,,,,
202.9400,396349.881,5859374.700,090000,29072025,0.000,,Nav Marker,,,,,1029,1009,0.05,-0.02,0,0,0,0,1,,,,,,,,,,,,,,,,,,
202.9520,396348.792,5859362.776,090000,29072025,0.000,,Nav Marker,,,,,1035,1014,0.01,-0.08,0,0,0,0,1,,,,,,,,,,,,,,,,,,
202.9640,396347.704,5859350.853,090000,29072025,0.000,,Nav Marker,,,,,1034,1011,0.03,0.12,0,0,0,0,1,,,,,,,,,,,,,,,,,,
202.9760,396346.616,5859338.930,090000,29072025,0.000,,Nav Marker,,,,,1031,1014,0.04,0.05,0,0,0,0,1,,,,,,,,,,,,,,,,,,
202.9880,396345.527,5859327.007,090000,29072025,0.000,,Nav Marker,,,,,1038,1011,0.01,-0.14,0,0,0,0,1,,,,,,,,,,,,,,,,,,
203.0000,396344.439,5859315.084,090000,29072025,0.000,,Nav Marker,,,,,1030,1009,0.05,0.12,0,0,0,0,1,,,,,,,,,,,,,,,,,,
203.0120,396343.350,5859303.160,090000,29072025,0.000,,Nav Marker,,,,,1032,1006,0.03,0.01,0,0,0,0,1,,,,,,,,,,,,,,,,,,
203.0240,396343.375,5859291.135,090000,29072025,-1.120,,Nav Marker,,,,,1030,1013,0.15,0.32,0,0,0,0,1,,,,,,,,,,,,,,,,,,
203.0360,396342.088,5859279.230,090000,29072025,-0.920,,Nav Marker,,,,,1035,1016,0.29,0.81,0,0,0,0,1,,,,,,,,,,,,,,,,,,
203.0480,396340.862,5859267.320,090000,29072025,-0.780,,Nav Marker,,,,,1026,1005,0.18,0.74,0,0,0,0,1,,,,,,,,,,,,,,,,,,
203.0600,396339.656,5859255.407,090000,29072025,-0.660,,Nav Marker,,,,,1029,1013,0.35,0.45,0,0,0,0,1,,,,,,,,,,,,,,,,,,
203.0720,396337.666,5859243.548,090000,29072025,0.000,,Nav Marker,,,,,1028,1008,0.06,0.15,0,0,0,0,0,,,,,,,,,,,,,,,,,,
203.0840,396336.215,5859231.629,090000,29072025,0.000,,Nav Marker,,,,,1027,1006,0.04,-0.35,0,0,0,0,1,,,,,,,,,,,,,,,,,,
203.0960,396334.763,5859219.711,090000,29072025,0.000,,Nav Marker,,,,,1029,1009,0.04,-0.23,0,0,0,0,0,,,,,,,,,,,,,,,,,,
203.1080,396333.312,5859207.793,090000,29072025,0.000,,Nav Marker,,,,,1030,1007,0.04,0.17,0,0,0,0,0,,,,,,,,,,,,,,,,,,
203.1200,396331.860,5859195.875,090000,29072025,0.000,,Nav Marker,,,,,1030,1007,0.02,0.03,0,0,0,0,0,,,,,,,,,,,,,,,,,,
203.1320,396330.409,5859183.956,090000,29072025,0.000,,Nav Marker,,,,,1007,1003,0.07,-0.07,0,0,0,0,1,,,,,,,,,,,,,,,,,,
203.1440,396328.957,5859172.038,090000,29072025,0.000,,Nav Marker,,,,,1000,1005,0.05,-0.06,0,0,0,0,0,,,,,,,,,,,,,,,,,,
203.1560,396327.506,5859160.120,090000,29072025,0.000,,Nav Marker,,,,,1030,1003,0.04,-0.14,0,0,0,0,0,,,,,,,,,,,,,,,,,,
203.1680,396326.055,5859148.202,090000,29072025,0.000,,Nav Marker,,,,,1036,1007,0.04,-0.07,0,0,0,0,1,,,,,,,,,,,,,,,,,,
203.1800,396324.603,5859136.283,090000,29072025,0.000,,Nav Marker,,,,,1038,1009,0.04,-0.08,0,0,0,0,0,,,,,,,,,,,,,,,,,,
203.1920,396323.152,5859124.365,090000,29072025,0.000,,Nav Marker,,,,,1027,1009,0.05,0.03,0,0,0,0,1,,,,,,,,,,,,,,,,,,
203.2040,396321.700,5859112.447,090000,29072025,0.000,,Nav Marker,,,,,1028,1004,0.05,0.15,0,0,0,0,1,,,,,,,,,,,,,,,,,,
203.2160,396320.249,5859100.529,090000,29072025,0.000,,Nav Marker,,,,,1035,1010,0.04,-0.03,0,0,0,0,1,,,,,,,,,,,,,,,,,,
203.2280,396318.797,5859088.610,090000,29072025,0.000,,Nav Marker,,,,,1031,1010,0.06,0.01,0,0,0,0,1,,,,,,,,,,,,,,,,,,
203.2400,396317.346,5859076.692,090000,29072025,0.000,,Nav Marker,,,,,1033,1014,0.05,-0.01,0,0,0,0,0,,,,,,,,,,,,,,,,,,
203.2520,396315.894,5859064.774,090000,29072025,0.000,,Nav Marker,,,,,1035,1013,0.02,-0.06,0,0,0,0,0,,,,,,,,,,,,,,,,,,
203.2640,396314.443,5859052.856,090000,29072025,0.000,,Nav Marker,,,,,1030,1008,0.03,-0.21,0,0,0,0,0,,,,,,,,,,,,,,,,,,
203.2760,396312.991,5859040.937,090000,29072025,0.000,,Nav Marker,,,,,1030,1013,0.05,0.08,0,0,0,0,1,,,,,,,,,,,,,,,,,,
203.2880,396311.540,5859029.019,090000,29072025,0.000,,Nav Marker,,,,,1031,1012,0.03,0.14,0,0,0,0,1,,,,,,,,,,,,,,,,,,
203.3000,396310.088,5859017.101,090000,29072025,0.000,,Nav Marker,,,,,1031,1011,0.05,0.16,0,0,0,0,0,,,,,,,,,,,,,,,,,,
203.3120,396308.637,5859005.183,090000,29072025,0.000,,Nav Marker,,,,,1032, 998,0.03,0.05,0,0,0,0,1,,,,,,,,,,,,,,,,,,
203.3240,396307.185,5858993.264,090000,29072025,0.000,,Nav Marker,,,,,1031,1006,0.02,0.02,0,0,0,0,0,,,,,,,,,,,,,,,,,,
203.3360,396305.734,5858981.346,090000,29072025,0.000,,Nav Marker,,,,,1031,1008,0.03,0.14,0,0,0,0,0,,,,,,,,,,,,,,,,,,
203.3480,396304.282,5858969.428,090000,29072025,0.000,,Nav Marker,,,,,1027,1012,0.04,0.01,0,0,0,0,1,,,,,,,,,,,,,,,,,,
203.3600,396302.831,5858957.510,090000,29072025,0.000,,Nav Marker,,,,,1032,1008,0.04,0.02,0,0,0,0,1,,,,,,,,,,,,,,,,,,
203.3720,396301.379,5858945.591,090000,29072025,0.000,,Nav Marker,,,,,1033,1011,0.03,-0.17,0,0,0,0,1,,,,,,,,,,,,,,,,,,
203.3840,396299.928,5858933.673,090000,29072025,0.000,,Nav Marker,,,,,1028,1005,0.01,-0.38,0,0,0,0,0,,,,,,,,,,,,,,,,,,
203.3960,396298.477,5858921.755,090000,29072025,0.000,,Nav Marker,,,,,1025,1011,0.04,-0.04,0,0,0,0,1,,,,,,,,,,,,,,,,,,
203.4080,396297.025,5858909.837,090000,29072025,0.000,,Nav Marker,,,,,1027,1005,0.04,0.09,0,0,0,0,1,,,,,,,,,,,,,,,,,,
203.4200,396295.574,5858897.918,090000,29072025,0.000,,Nav Marker,,,,,1019,1007,0.03,0.06,0,0,0,0,0,,,,,,,,,,,,,,,,,,
203.4320,396294.122,5858886.000,090000,29072025,0.000,,Nav Marker,,,,,1024,1006,0.05,0.13,0,0,0,0,1,,,,,,,,,,,,,,,,,,
203.4440,396292.671,5858874.082,090000,29072025,0.000,,Nav Marker,,,,,1024,1006,0.08,0.06,0,0,0,0,1,,,,,,,,,,,,,,,,,,
200.8400,396568.749,5861463.460,090000,29072025,2.220,,Nav Marker,,,,,1039,1020,0.05,-0.2,0,0,0,0,1,,,,,,,,,,,,,,,,,,
200.8520,396567.376,5861451.534,090000,29072025,1.500,,Nav Marker,,,,,1039,1020,0.06,-0.25,0,0,0,0,1,,,,,,,,,,,,,,,,,,
200.8640,396566.189,5861439.564,090000,29072025,0.590,,Nav Marker,,,,,1039,1020,0.09,-0.23,0,0,0,0,1,,,,,,,,,,,,,,,,,,
200.8760,396565.045,5861427.575,090000,29072025,-0.360,,Nav Marker,,,,,1039,1020,0.13,-0.13,0,0,0,0,1,,,,,,,,,,,,,,,,,,
200.8880,396563.753,5861415.715,090000,29072025,-1.060,,Nav Marker,,,,,1039,1020,0.1,-0.25,0,0,0,0,1,,,,,,,,,,,,,,,,,,
200.9000,396561.171,5861403.923,090000,29072025,0.000,,Nav Marker,,,,,1039,1020,0.01,-0.22,0,0,0,0,1,,,,,,,,,,,,,,,,,,
200.9120,396559.635,5861391.998,090000,29072025,0.000,,Nav Marker,,,,,1039,1020,0.01,-0.08,0,0,0,0,0,,,,,,,,,,,,,,,,,,
200.9240,396558.099,5861380.072,090000,29072025,0.000,,Nav Marker,,,,,1039,1020,0.01,-0.1,0,0,0,0,0,,,,,,,,,,,,,,,,,,
200.9360,396556.564,5861368.146,090000,29072025,0.000,,Nav Marker,,,,,1039,1020,0.03,-0.13,0,0,0,0,1,,,,,,,,,,,,,,,,,,
200.9480,396555.028,5861356.220,090000,29072025,0.000,,Nav Marker,,,,,1039,1020,0.01,-0.1,0,0,0,0,1,,,,,,,,,,,,,,,,,,
200.9600,396553.493,5861344.294,090000,29072025,0.000,,Nav Marker,,,,,1039,1020,0.0,-0.11,0,0,0,0,0,,,,,,,,,,,,,,,,,,
200.9720,396551.957,5861332.368,090000,29072025,0.000,,Nav Marker,,,,,1039,1020,0.02,-0.04,0,0,0,0,0,,,,,,,,,,,,,,,,,,
200.9840,396550.422,5861320.442,090000,29072025,0.000,,Nav Marker,,,,,1039,1020,0.02,-0.04,0,0,0,0,0,,,,,,,,,,,,,,,,,,
200.9960,396548.886,5861308.516,090000,29072025,0.000,,Nav Marker,,,,,1039,1020,0.04,-0.06,0,0,0,0,1,,,,,,,,,,,,,,,,,,
201.0080,396547.351,5861296.590,090000,29072025,0.000,,Nav Marker,,,,,1039,1020,0.01,-0.06,0,0,0,0,1,,,,,,,,,,,,,,,,,,
201.0200,396545.815,5861284.664,090000,29072025,0.000,,Nav Marker,,,,,1039,1020,0.0,-0.04,0,0,0,0,0,,,,,,,,,,,,,,,,,,
201.0320,396544.280,5861272.738,090000,29072025,0.000,,Nav Marker,,,,,1039,1020,0.03,-0.02,0,0,0,0,0,,,,,,,,,,,,,,,,,,
201.0440,396542.770,5861260.810,090000,29072025,0.000,,Nav Marker,,,,,1039,1020,0.0,-0.05,0,0,0,0,0,,,,,,,,,,,,,,,,,,
201.0560,396541.391,5861248.872,090000,29072025,0.000,,Nav Marker,,,,,1039,1020,-0.01,-0.07,0,0,0,0,0,,,,,,,,,,,,,,,,,,
201.0680,396540.012,5861236.935,090000,29072025,0.000,,Nav Marker,,,,,1039,1020,0.01,-0.05,0,0,0,0,0,,,,,,,,,,,,,,,,,,
201.0800,396538.633,5861224.997,090000,29072025,0.000,,Nav Marker,,,,,1039,1020,0.02,-0.02,0,0,0,0,1,,,,,,,,,,,,,,,,,,
201.0920,396537.254,5861213.059,090000,29072025,0.000,,Nav Marker,,,,,1039,1020,0.0,-0.03,0,0,0,0,0,,,,,,,,,,,,,,,,,,
201.1040,396535.875,5861201.121,090000,29072025,0.000,,Nav Marker,,,,,1039,1020,0.02,-0.0,0,0,0,0,0,,,,,,,,,,,,,,,,,,
201.1160,396534.496,5861189.183,090000,29072025,0.000,,Nav Marker,,,,,1039,1020,0.05,0.03,0,0,0,0,1,,,,,,,,,,,,,,,,,,
201.1280,396533.117,5861177.245,090000,29072025,0.000,,Nav Marker,,,,,1039,1020,0.0,-0.08,0,0,0,0,1,,,,,,,,,,,,,,,,,,
201.1400,396531.738,5861165.307,090000,29072025,0.000,,Nav Marker,,,,,1039,1020,0.01,-0.01,0,0,0,0,1,,,,,,,,,,,,,,,,,,
201.1520,396530.359,5861153.370,090000,29072025,0.000,,Nav Marker,,,,,1039,1020,0.03,0.0,0,0,0,0,1,,,,,,,,,,,,,,,,,,
201.1640,396528.980,5861141.432,090000,29072025,0.000,,Nav Marker,,,,,1039,1020,0.0,-0.04,0,0,0,0,0,,,,,,,,,,,,,,,,,,
201.1760,396527.601,5861129.494,090000,29072025,0.000,,Nav Marker,,,,,1039,1020,0.0,-0.02,0,0,0,0,0,,,,,,,,,,,,,,,,,,
201.1880,396526.222,5861117.556,090000,29072025,0.000,,Nav Marker,,,,,1039,1020,0.02,0.03,0,0,0,0,0,,,,,,,,,,,,,,,,,,
201.2000,396524.843,5861105.618,090000,29072025,0.000,,Nav Marker,,,,,1039,1020,0.02,-0.05,0,0,0,0,0,,,,,,,,,,,,,,,,,,
201.2120,396523.464,5861093.680,090000,29072025,0.000,,Nav Marker,,,,,1039,1020,0.01,0.03,0,0,0,0,0,,,,,,,,,,,,,,,,,,
201.2240,396522.085,5861081.742,090000,29072025,0.000,,Nav Marker,,,,,1039,1020,0.03,0.03,0,0,0,0,1,,,,,,,,,,,,,,,,,,
201.2360,396520.706,5861069.805,090000,29072025,0.000,,Nav Marker,,,,,1039,1020,0.02,0.0,0,0,0,0,1,,,,,,,,,,,,,,,,,,
201.2480,396519.327,5861057.867,090000,29072025,0.000,,Nav Marker,,,,,1039,1020,0.04,0.05,0,0,0,0,1,,,,,,,,,,,,,,,,,,
201.2600,396517.948,5861045.929,090000,29072025,0.000,,Nav Marker,,,,,1039,1020,0.03,0.06,0,0,0,0,1,,,,,,,,,,,,,,,,,,
201.2720,396516.569,5861033.991,090000,29072025,0.000,,Nav Marker,,,,,1039,1020,0.04,0.03,0,0,0,0,1,,,,,,,,,,,,,,,,,,
201.2840,396515.190,5861022.053,090000,29072025,0.000,,Nav Marker,,,,,1039,1020,0.01,0.01,0,0,0,0,1,,,,,,,,,,,,,,,,,,
201.2960,396513.811,5861010.115,090000,29072025,0.000,,Nav Marker,,,,,1039,1020,0.0,-0.05,0,0,0,0,0,,,,,,,,,,,,,,,,,,
201.3080,396512.432,5860998.177,090000,29072025,0.000,,Nav Marker,,,,,1039,1020,0.0,-0.14,0,0,0,0,0,,,,,,,,,,,,,,,,,,
201.3200,396511.084,5860986.236,090000,29072025,-0.030,,Nav Marker,,,,,1039,1020,0.04,0.08,0,0,0,0,1,,,,,,,,,,,,,,,,,,
201.3320,396509.406,5860974.341,090000,29072025,0.270,,Nav Marker,,,,,1039,1020,0.09,0.15,0,0,0,0,1,,,,,,,,,,,,,,,,,,
201.3440,396508.253,5860962.425,090000,29072025,0.000,,Nav Marker,,,,,1039,1020,0.02,0.01,0,0,0,0,1,,,,,,,,,,,,,,,,,,
201.3560,396506.825,5860950.561,090000,29072025,0.000,,Nav Marker,,,,,1039,1020,0.03,0.02,0,0,0,0,1,,,,,,,,,,,,,,,,,,
201.3680,396505.396,5860938.696,090000,29072025,0.000,,Nav Marker,,,,,1039,1020,0.05,0.04,0,0,0,0,1,,,,,,,,,,,,,,,,,,
201.3800,396503.967,5860926.832,090000,29072025,0.000,,Nav Marker,,,,,1039,1020,0.02,-0.07,0,0,0,0,0,,,,,,,,,,,,,,,,,,
201.3920,396502.538,5860914.967,090000,29072025,0.000,,Nav Marker,,,,,1039,1020,0.01,-0.04,0,0,0,0,1,,,,,,,,,,,,,,,,,,
201.4040,396501.110,5860903.103,090000,29072025,0.000,,Nav Marker,,,,,1039,1020,0.01,0.0,0,0,0,0,1,,,,,,,,,,,,,,,,,,
201.4160,396499.913,5860891.205,090000,29072025,-0.170,,Nav Marker,,,,,1039,1020,0.08,0.21,0,0,0,0,1,,,,,,,,,,,,,,,,,,
201.4280,396498.783,5860879.278,090000,29072025,-0.100,,Nav Marker,,,,,1039,1020,0.16,0.35,0,0,0,0,1,,,,,,,,,,,,,,,,,,
201.4400,396497.634,5860867.346,090000,29072025,0.000,,Nav Marker,,,,,1039,1020,0.17,0.32,0,0,0,0,1,,,,,,,,,,,,,,,,,,
201.4520,396496.402,5860855.422,090000,29072025,0.170,,Nav Marker,,,,,1039,1020,0.14,0.26,0,0,0,0,1,,,,,,,,,,,,,,,,,,
201.4640,396495.256,5860843.491,090000,29072025,0.270,,Nav Marker,,,,,1039,1020,0.16,0.43,0,0,0,0,1,,,,,,,,,,,,,,,,,,
201.4760,396494.101,5860831.560,090000,29072025,0.370,,Nav Marker,,,,,1039,1020,0.16,0.46,0,0,0,0,1,,,,,,,,,,,,,,,,,,
201.4880,396493.138,5860819.612,090000,29072025,0.270,,Nav Marker,,,,,1039,1020,0.03,0.5,0,0,0,0,1,,,,,,,,,,,,,,,,,,
201.5000,396491.978,5860807.681,090000,29072025,0.380,,Nav Marker,,,,,1039,1020,0.06,0.43,0,0,0,0,1,,,,,,,,,,,,,,,,,,
201.5120,396490.871,5860795.746,090000,29072025,0.430,,Nav Marker,,,,,1039,1020,0.05,0.32,0,0,0,0,1,,,,,,,,,,,,,,,,,,
201.5240,396489.792,5860783.808,090000,29072025,0.450,,Nav Marker,,,,,1039,1020,0.19,0.34,0,0,0,0,1,,,,,,,,,,,,,,,,,,
201.5360,396488.778,5860771.865,090000,29072025,0.410,,Nav Marker,,,,,1039,1020,0.09,0.3,0,0,0,0,1,,,,,,,,,,,,,,,,,,
201.5480,396487.799,5860759.919,090000,29072025,0.330,,Nav Marker,,,,,1039,1020,0.12,0.28,0,0,0,0,1,,,,,,,,,,,,,,,,,,
201.5600,396486.968,5860747.959,090000,29072025,0.110,,Nav Marker,,,,,1039,1020,0.12,0.26,0,0,0,0,1,,,,,,,,,,,,,,,,,,
201.5720,396485.901,5860736.020,090000,29072025,0.120,,Nav Marker,,,,,1039,1020,0.1,0.22,0,0,0,0,1,,,,,,,,,,,,,,,,,,
201.5840,396484.966,5860724.070,090000,29072025,0.000,,Nav Marker,,,,,1039,1020,0.12,0.22,0,0,0,0,1,,,,,,,,,,,,,,,,,,
201.5960,396483.996,5860712.123,090000,29072025,-0.090,,Nav Marker,,,,,1039,1020,0.15,0.28,0,0,0,0,1,,,,,,,,,,,,,,,,,,
201.6080,396483.095,5860700.169,090000,29072025,-0.240,,Nav Marker,,,,,1039,1020,0.09,0.2,0,0,0,0,1,,,,,,,,,,,,,,,,,,
201.6200,396482.176,5860688.218,090000,29072025,-0.380,,Nav Marker,,,,,1039,1020,0.17,0.19,0,0,0,0,1,,,,,,,,,,,,,,,,,,
201.6320,396481.345,5860676.258,090000,29072025,-0.610,,Nav Marker,,,,,1039,1020,0.06,0.19,0,0,0,0,1,,,,,,,,,,,,,,,,,,
201.6440,396480.386,5860664.310,090000,29072025,-0.700,,Nav Marker,,,,,1039,1020,0.2,0.33,0,0,0,0,1,,,,,,,,,,,,,,,,,,
201.6560,396479.466,5860652.358,090000,29072025,-0.840,,Nav Marker,,,,,1039,1020,0.25,0.39,0,0,0,0,1,,,,,,,,,,,,,,,,,,
201.6680,396478.540,5860640.407,090000,29072025,-0.970,,Nav Marker,,,,,1039,1020,0.18,0.39,0,0,0,0,1,,,,,,,,,,,,,,,,,,
201.6800,396477.244,5860628.488,090000,29072025,-0.730,,Nav Marker,,,,,1039,1020,0.19,0.4,0,0,0,0,1,,,,,,,,,,,,,,,,,,
201.6920,396476.054,5860616.561,090000,29072025,-0.590,,Nav Marker,,,,,1039,1020,0.11,0.34,0,0,0,0,1,,,,,,,,,,,,,,,,,,
201.7040,396475.038,5860604.617,090000,29072025,-0.630,,Nav Marker,,,,,1039,1020,0.17,0.28,0,0,0,0,1,,,,,,,,,,,,,,,,,,
201.7160,396473.912,5860592.684,090000,29072025,-0.560,,Nav Marker,,,,,1039,1020,0.16,0.29,0,0,0,0,1,,,,,,,,,,,,,,,,,,
201.7280,396472.740,5860580.754,090000,29072025,-0.450,,Nav Marker,,,,,1039,1020,0.15,0.24,0,0,0,0,1,,,,,,,,,,,,,,,,,,
201.7400,396471.772,5860568.800,090000,29072025,-0.530,,Nav Marker,,,,,1039,1020,0.07,0.13,0,0,0,0,1,,,,,,,,,,,,,,,,,,
201.7520,396470.792,5860556.833,090000,29072025,-0.720,,Nav Marker,,,,,1039,1020,0.07,0.16,0,0,0,0,1,,,,,,,,,,,,,,,,,,
201.7640,396469.825,5860544.858,090000,29072025,-0.960,,Nav Marker,,,,,1039,1020,0.09,0.12,0,0,0,0,1,,,,,,,,,,,,,,,,,,
201.7760,396468.896,5860532.879,090000,29072025,-1.240,,Nav Marker,,,,,1039,1020,0.12,0.28,0,0,0,0,1,,,,,,,,,,,,,,,,,,
201.7880,396468.055,5860520.892,090000,29072025,-1.600,,Nav Marker,,,,,1039,1020,0.08,0.32,0,0,0,0,1,,,,,,,,,,,,,,,,,,
201.8000,396467.154,5860508.910,090000,29072025,-1.910,,Nav Marker,,,,,1039,1020,0.21,0.45,0,0,0,0,1,,,,,,,,,,,,,,,,,,
201.8120,396466.154,5860496.938,090000,29072025,-2.110,,Nav Marker,,,,,1039,1020,0.11,0.32,0,0,0,0,1,,,,,,,,,,,,,,,,,,
201.8240,396465.095,5860484.973,090000,29072025,-2.260,,Nav Marker,,,,,1039,1020,0.07,0.38,0,0,0,0,1,,,,,,,,,,,,,,,,,,
201.8360,396464.016,5860473.009,090000,29072025,-2.390,,Nav Marker,,,,,1039,1020,0.13,0.36,0,0,0,0,1,,,,,,,,,,,,,,,,,,
201.8480,396462.887,5860461.050,090000,29072025,-2.460,,Nav Marker,,,,,1039,1020,0.11,0.36,0,0,0,0,1,,,,,,,,,,,,,,,,,,
201.8600,396461.746,5860449.093,090000,29072025,-2.530,,Nav Marker,,,,,1039,1020,0.18,0.41,0,0,0,0,1,,,,,,,,,,,,,,,,,,
201.8720,396460.583,5860437.138,090000,29072025,-2.570,,Nav Marker,,,,,1039,1020,0.1,0.42,0,0,0,0,1,,,,,,,,,,,,,,,,,,
201.8840,396459.459,5860425.178,090000,29072025,-2.650,,Nav Marker,,,,,1039,1020,0.09,0.47,0,0,0,0,1,,,,,,,,,,,,,,,,,,
201.8960,396458.000,5860413.253,090000,29072025,-2.390,,Nav Marker,,,,,1039,1020,0.13,0.49,0,0,0,0,1,,,,,,,,,,,,,,,,,,
201.9080,396456.615,5860401.320,090000,29072025,-2.210,,Nav Marker,,,,,1039,1020,0.17,0.5,0,0,0,0,1,,,,,,,,,,,,,,,,,,
201.9200,396455.215,5860389.389,090000,29072025,-2.010,,Nav Marker,,,,,1039,1020,0.19,0.52,0,0,0,0,1,,,,,,,,,,,,,,,,,,
201.9320,396453.656,5860377.473,090000,29072025,-1.660,,Nav Marker,,,,,1039,1020,0.18,0.6,0,0,0,0,1,,,,,,,,,,,,,,,,,,
201.9440,396452.187,5860365.549,090000,29072025,-1.390,,Nav Marker,,,,,1039,1020,0.21,0.65,0,0,0,0,1,,,,,,,,,,,,,,,,,,
201.9560,396450.829,5860353.614,090000,29072025,-1.240,,Nav Marker,,,,,1039,1020,0.24,0.77,0,0,0,0,1,,,,,,,,,,,,,,,,,,
201.9680,396449.388,5860341.686,090000,29072025,-1.000,,Nav Marker,,,,,1039,1020,0.25,0.85,0,0,0,0,1,,,,,,,,,,,,,,,,,,
201.9800,396448.120,5860329.742,090000,29072025,-0.940,,Nav Marker,,,,,1039,1020,0.23,0.77,0,0,0,0,1,,,,,,,,,,,,,,,,,,
201.9920,396446.823,5860317.800,090000,29072025,-0.840,,Nav Marker,,,,,1039,1020,0.12,0.47,0,0,0,0,1,,,,,,,,,,,,,,,,,,
202.0040,396445.531,5860305.858,090000,29072025,-0.760,,Nav Marker,,,,,1039,1020,0.05,0.17,0,0,0,0,1,,,,,,,,,,,,,,,,,,
202.0160,396444.424,5860293.897,090000,29072025,-0.850,,Nav Marker,,,,,1039,1020,0.06,0.14,0,0,0,0,1,,,,,,,,,,,,,,,,,,
202.0280,396443.009,5860281.967,090000,29072025,-0.640,,Nav Marker,,,,,1039,1020,0.13,0.37,0,0,0,0,1,,,,,,,,,,,,,,,,,,
202.0400,396441.891,5860270.007,090000,29072025,-0.730,,Nav Marker,,,,,1039,1020,0.22,0.41,0,0,0,0,1,,,,,,,,,,,,,,,,,,
202.0520,396440.685,5860258.056,090000,29072025,-0.730,,Nav Marker,,,,,1039,1020,0.2,0.55,0,0,0,0,1,,,,,,,,,,,,,,,,,,
202.0640,396439.589,5860246.094,090000,29072025,-0.840,,Nav Marker,,,,,1039,1020,0.25,0.52,0,0,0,0,1,,,,,,,,,,,,,,,,,,
202.0760,396438.458,5860234.136,090000,29072025,-0.910,,Nav Marker,,,,,1039,1020,0.19,0.5,0,0,0,0,1,,,,,,,,,,,,,,,,,,
202.0880,396437.079,5860222.202,090000,29072025,-0.740,,Nav Marker,,,,,1039,1020,0.07,0.42,0,0,0,0,1,,,,,,,,,,,,,,,,,,
202.1000,396436.122,5860210.226,090000,29072025,-0.980,,Nav Marker,,,,,1039,1020,0.27,0.36,0,0,0,0,1,,,,,,,,,,,,,,,,,,
202.1120,396434.829,5860198.284,090000,29072025,-0.890,,Nav Marker,,,,,1039,1020,0.21,0.3,0,0,0,0,1,,,,,,,,,,,,,,,,,,
202.1240,396433.591,5860186.336,090000,29072025,-0.860,,Nav Marker,,,,,1039,1020,0.2,0.37,0,0,0,0,1,,,,,,,,,,,,,,,,,,
202.1360,396432.326,5860174.391,090000,29072025,-0.800,,Nav Marker,,,,,1039,1020,0.19,0.37,0,0,0,0,1,,,,,,,,,,,,,,,,,,
202.1480,396431.057,5860162.447,090000,29072025,-0.740,,Nav Marker,,,,,1039,1020,0.22,0.38,0,0,0,0,1,,,,,,,,,,,,,,,,,,
202.1600,396429.831,5860150.498,090000,29072025,-0.710,,Nav Marker,,,,,1039,1020,0.19,0.32,0,0,0,0,1,,,,,,,,,,,,,,,,,,
202.1720,396428.750,5860138.535,090000,29072025,-0.840,,Nav Marker,,,,,1039,1020,0.2,0.36,0,0,0,0,1,,,,,,,,,,,,,,,,,,
202.1840,396427.471,5860126.591,090000,29072025,-0.760,,Nav Marker,,,,,1039,1020,0.2,0.37,0,0,0,0,1,,,,,,,,,,,,,,,,,,
202.1960,396426.273,5860114.639,090000,29072025,-0.770,,Nav Marker,,,,,1039,1020,0.13,0.22,0,0,0,0,1,,,,,,,,,,,,,,,,,,
202.2080,396425.003,5860102.695,090000,29072025,-0.710,,Nav Marker,,,,,1039,1020,0.13,0.24,0,0,0,0,1,,,,,,,,,,,,,,,,,,
202.2200,396423.995,5860090.724,090000,29072025,-0.900,,Nav Marker,,,,,1039,1020,0.19,0.38,0,0,0,0,1,,,,,,,,,,,,,,,,,,
202.2320,396422.649,5860078.787,090000,29072025,-0.760,,Nav Marker,,,,,1039,1020,0.27,0.49,0,0,0,0,1,,,,,,,,,,,,,,,,,,
202.2440,396421.348,5860066.846,090000,29072025,-0.660,,Nav Marker,,,,,1039,1020,0.29,0.49,0,0,0,0,1,,,,,,,,,,,,,,,,,,
202.2560,396419.886,5860054.923,090000,29072025,-0.410,,Nav Marker,,,,,1039,1020,0.25,0.36,0,0,0,0,1,,,,,,,,,,,,,,,,,,
202.2680,396418.590,5860042.994,090000,29072025,-0.350,,Nav Marker,,,,,1039,1020,0.11,0.07,0,0,0,0,1,,,,,,,,,,,,,,,,,,
202.2800,396417.013,5860031.094,090000,29072025,0.000,,Nav Marker,,,,,1039,1020,0.02,0.01,0,0,0,0,1,,,,,,,,,,,,,,,,,,
202.2920,396415.781,5860019.159,090000,29072025,0.000,,Nav Marker,,,,,1039,1020,0.02,-0.08,0,0,0,0,0,,,,,,,,,,,,,,,,,,
202.3040,396414.549,5860007.224,090000,29072025,0.000,,Nav Marker,,,,,1039,1020,0.01,0.01,0,0,0,0,1,,,,,,,,,,,,,,,,,,
202.3160,396413.318,5859995.288,090000,29072025,0.000,,Nav Marker,,,,,1039,1020,0.02,0.0,0,0,0,0,0,,,,,,,,,,,,,,,,,,
202.3280,396412.086,5859983.353,090000,29072025,0.000,,Nav Marker,,,,,1039,1020,0.02,-0.02,0,0,0,0,0,,,,,,,,,,,,,,,,,,
202.3400,396410.854,5859971.417,090000,29072025,0.000,,Nav Marker,,,,,1039,1020,0.02,-0.08,0,0,0,0,1,,,,,,,,,,,,,,,,,,
202.3520,396409.622,5859959.482,090000,29072025,0.000,,Nav Marker,,,,,1044,1020,0.01,-0.02,0,0,0,0,1,,,,,,,,,,,,,,,,,,
202.3640,396408.390,5859947.546,090000,29072025,0.000,,Nav Marker,,,,,1044,1020,0.02,-0.06,0,0,0,0,1,,,,,,,,,,,,,,,,,,
202.3760,396407.158,5859935.611,090000,29072025,0.000,,Nav Marker,,,,,1044,1020,0.03,-0.07,0,0,0,0,1,,,,,,,,,,,,,,,,,,
202.3880,396405.926,5859923.676,090000,29072025,0.000,,Nav Marker,,,,,1044,1020,0.03,0.0,0,0,0,0,1,,,,,,,,,,,,,,,,,,
202.4000,396404.694,5859911.740,090000,29072025,0.000,,Nav Marker,,,,,1044,1020,0.03,-0.11,0,0,0,0,1,,,,,,,,,,,,,,,,,,
202.4120,396403.462,5859899.805,090000,29072025,0.000,,Nav Marker,,,,,1044,1022,0.02,-0.02,0,0,0,0,0,,,,,,,,,,,,,,,,,,
202.4240,396402.230,5859887.869,090000,29072025,0.000,,Nav Marker,,,,,1044,1022,-0.0,-0.21,0,0,0,0,0,,,,,,,,,,,,,,,,,,
202.4360,396400.999,5859875.934,090000,29072025,0.000,,Nav Marker,,,,,1044,1022,0.01,-0.18,0,0,0,0,0,,,,,,,,,,,,,,,,,,
202.4480,396399.767,5859863.999,090000,29072025,0.000,,Nav Marker,,,,,1044,1022,0.01,-0.11,0,0,0,0,0,,,,,,,,,,,,,,,,,,
202.4600,396398.535,5859852.063,090000,29072025,0.000,,Nav Marker,,,,,1044,1021,0.01,-0.01,0,0,0,0,1,,,,,,,,,,,,,,,,,,
202.4720,396397.303,5859840.128,090000,29072025,0.000,,Nav Marker,,,,,1011,1020,0.03,0.0,0,0,0,0,1,,,,,,,,,,,,,,,,,,
202.4840,396396.071,5859828.192,090000,29072025,0.000,,Nav Marker,,,,,1043,1022,0.01,-0.02,0,0,0,0,0,,,,,,,,,,,,,,,,,,
202.4960,396394.839,5859816.257,090000,29072025,0.000,,Nav Marker,,,,,1042,1017,0.01,-0.02,0,0,0,0,0,,,,,,,,,,,,,,,,,,
202.5080,396393.607,5859804.322,090000,29072025,0.000,,Nav Marker,,,,,1044,1024,-0.01,-0.01,0,0,0,0,0,,,,,,,,,,,,,,,,,,
202.5200,396392.375,5859792.386,090000,29072025,0.000,,Nav Marker,,,,,1047,1021,0.02,0.05,0,0,0,0,1,,,,,,,,,,,,,,,,,,
202.5320,396391.143,5859780.451,090000,29072025,0.000,,Nav Marker,,,,,1017,1020,-0.0,-0.04,0,0,0,0,0,,,,,,,,,,,,,,,,,,
202.5440,396389.911,5859768.515,090000,29072025,0.000,,Nav Marker,,,,,1044, 996,0.02,-0.01,0,0,0,0,1,,,,,,,,,,,,,,,,,,
202.5560,396388.680,5859756.580,090000,29072025,0.000,,Nav Marker,,,,,1041,1023,0.01,0.01,0,0,0,0,0,,,,,,,,,,,,,,,,,,
202.5680,396387.448,5859744.645,090000,29072025,0.000,,Nav Marker,,,,,1041,1020,0.01,-0.04,0,0,0,0,1,,,,,,,,,,,,,,,,,,
202.5800,396386.216,5859732.709,090000,29072025,0.000,,Nav Marker,,,,,1042,1021,0.02,-0.06,0,0,0,0,1,,,,,,,,,,,,,,,,,,
202.5920,396383.705,5859720.906,090000,29072025,1.290,,Nav Marker,,,,,1046,1021,0.03,0.02,0,0,0,0,0,,,,,,,,,,,,,,,,,,
202.6040,396383.752,5859708.838,090000,29072025,0.000,,Nav Marker,,,,,1040,1023,-0.0,-0.06,0,0,0,0,0,,,,,,,,,,,,,,,,,,
202.6160,396382.520,5859696.903,090000,29072025,0.000,,Nav Marker,,,,,1042,1021,0.01,0.02,0,0,0,0,0,,,,,,,,,,,,,,,,,,
202.6280,396381.288,5859684.968,090000,29072025,0.000,,Nav Marker,,,,,1041,1024,0.01,0.02,0,0,0,0,1,,,,,,,,,,,,,,,,,,
202.6400,396380.056,5859673.032,090000,29072025,0.000,,Nav Marker,,,,,1040,1017,-0.0,0.05,0,0,0,0,0,,,,,,,,,,,,,,,,,,
202.6520,396378.824,5859661.097,090000,29072025,0.000,,Nav Marker,,,,,1044,1020,0.02,-0.0,0,0,0,0,0,,,,,,,,,,,,,,,,,,
202.6640,396377.592,5859649.161,090000,29072025,0.000,,Nav Marker,,,,,1042,1027,0.01,0.03,0,0,0,0,1,,,,,,,,,,,,,,,,,,
202.6760,396376.361,5859637.226,090000,29072025,0.000,,Nav Marker,,,,,1041,1019,0.01,-0.02,0,0,0,0,1,,,,,,,,,,,,,,,,,,
202.6880,396375.129,5859625.290,090000,29072025,0.000,,Nav Marker,,,,,1041,1020,0.02,0.02,0,0,0,0,0,,,,,,,,,,,,,,,,,,
202.7000,396373.897,5859613.355,090000,29072025,0.000,,Nav Marker,,,,,1044,1017,0.02,-0.01,0,0,0,0,1,,,,,,,,,,,,,,,,,,
202.7120,396372.665,5859601.420,090000,29072025,0.000,,Nav Marker,,,,,1042,1016,0.01,0.06,0,0,0,0,1,,,,,,,,,,,,,,,,,,
202.7240,396371.433,5859589.484,090000,29072025,0.000,,Nav Marker,,,,,1044,1020,0.02,-0.03,0,0,0,0,1,,,,,,,,,,,,,,,,,,
202.7360,396370.201,5859577.549,090000,29072025,0.000,,Nav Marker,,,,,1041,1020,0.02,0.02,0,0,0,0,1,,,,,,,,,,,,,,,,,,
202.7480,396368.969,5859565.613,090000,29072025,0.000,,Nav Marker,,,,,1039,1017,0.02,0.01,0,0,0,0,1,,,,,,,,,,,,,,,,,,
202.7600,396367.737,5859553.678,090000,29072025,0.000,,Nav Marker,,,,,1039,1017,0.01,0.04,0,0,0,0,0,,,,,,,,,,,,,,,,,,
202.7720,396366.505,5859541.743,090000,29072025,0.000,,Nav Marker,,,,,1039,1017,0.0,0.01,0,0,0,0,0,,,,,,,,,,,,,,,,,,
202.7840,396365.273,5859529.807,090000,29072025,0.000,,Nav Marker,,,,,1039,1017,0.01,0.08,0,0,0,0,0,,,,,,,,,,,,,,,,,,
202.7960,396364.042,5859517.872,090000,29072025,0.000,,Nav Marker,,,,,1039,1017,0.01,0.05,0,0,0,0,1,,,,,,,,,,,,,,,,,,
202.8080,396362.810,5859505.936,090000,29072025,0.000,,Nav Marker,,,,,1039,1017,0.02,0.05,0,0,0,0,1,,,,,,,,,,,,,,,,,,
202.8200,396361.578,5859494.001,090000,29072025,0.000,,Nav Marker,,,,,1039,1017,0.02,0.05,0,0,0,0,0,,,,,,,,,,,,,,,,,,
202.8320,396360.346,5859482.066,090000,29072025,0.000,,Nav Marker,,,,,1039,1017,0.02,0.04,0,0,0,0,1,,,,,,,,,,,,,,,,,,
202.8440,396359.114,5859470.130,090000,29072025,0.000,,Nav Marker,,,,,1038,1013,0.01,0.06,0,0,0,0,1,,,,,,,,,,,,,,,,,,
202.8560,396357.882,5859458.195,090000,29072025,0.000,,Nav Marker,,,,,1038,1013,-0.0,0.01,0,0,0,0,0,,,,,,,,,,,,,,,,,,
202.8680,396356.650,5859446.259,090000,29072025,0.000,,Nav Marker,,,,,1038,1017,0.02,0.04,0,0,0,0,1,,,,,,,,,,,,,,,,,,
202.8800,396355.418,5859434.324,090000,29072025,0.000,,Nav Marker,,,,,1039,1014,0.02,-0.01,0,0,0,0,0,,,,,,,,,,,,,,,,,,
202.8920,396354.234,5859422.393,090000,29072025,0.000,,Nav Marker,,,,,1029,1009,0.02,0.01,0,0,0,0,1,,,,,,,,,,,,,,,,,,
202.9040,396353.146,5859410.469,090000,29072025,0.000,,Nav Marker,,,,,1029,1009,0.02,0.09,0,0,0,0,1,,,,,,,,,,,,,,,,,,
202.9160,396352.057,5859398.546,090000,29072025,0.000,,Nav Marker,,,,,1029,1009,0.01,0.04,0,0,0,0,1,,,,,,,,,,,,,,,,,,
202.9280,396350.969,5859386.623,090000,29072025,0.000,,Nav Marker,,,,,1029,1009,0.02,0.13,0,0,0,0,0,,,,,,,,,,,,,,,,,,
202.9400,396349.881,5859374.700,090000,29072025,0.000,,Nav Marker,,,,,1029,1009,0.05,-0.02,0,0,0,0,1,,,,,,,,,,,,,,,,,,
202.9520,396348.792,5859362.776,090000,29072025,0.000,,Nav Marker,,,,,1035,1014,0.01,-0.08,0,0,0,0,1,,,,,,,,,,,,,,,,,,
202.9640,396347.704,5859350.853,090000,29072025,0.000,,Nav Marker,,,,,1034,1011,0.03,0.12,0,0,0,0,1,,,,,,,,,,,,,,,,,,
202.9760,396346.616,5859338.930,090000,29072025,0.000,,Nav Marker,,,,,1031,1014,0.04,0.05,0,0,0,0,1,,,,,,,,,,,,,,,,,,
202.9880,396345.527,5859327.007,090000,29072025,0.000,,Nav Marker,,,,,1038,1011,0.01,-0.14,0,0,0,0,1,,,,,,,,,,,,,,,,,,
203.0000,396344.439,5859315.084,090000,29072025,0.000,,Nav Marker,,,,,1030,1009,0.05,0.12,0,0,0,0,1,,,,,,,,,,,,,,,,,,
203.0120,396343.350,5859303.160,090000,29072025,0.000,,Nav Marker,,,,,1032,1006,0.03,0.01,0,0,0,0,1,,,,,,,,,,,,,,,,,,
203.0240,396343.375,5859291.135,090000,29072025,-1.120,,Nav Marker,,,,,1030,1013,0.15,0.32,0,0,0,0,1,,,,,,,,,,,,,,,,,,
203.0360,396342.088,5859279.230,090000,29072025,-0.920,,Nav Marker,,,,,1035,1016,0.29,0.81,0,0,0,0,1,,,,,,,,,,,,,,,,,,
203.0480,396340.862,5859267.320,090000,29072025,-0.780,,Nav Marker,,,,,1026,1005,0.18,0.74,0,0,0,0,1,,,,,,,,,,,,,,,,,,
203.0600,396339.656,5859255.407,090000,29072025,-0.660,,Nav Marker,,,,,1029,1013,0.35,0.45,0,0,0,0,1,,,,,,,,,,,,,,,,,,
203.0720,396337.666,5859243.548,090000,29072025,0.000,,Nav Marker,,,,,1028,1008,0.06,0.15,0,0,0,0,0,,,,,,,,,,,,,,,,,,
203.0840,396336.215,5859231.629,090000,29072025,0.000,,Nav Marker,,,,,1027,1006,0.04,-0.35,0,0,0,0,1,,,,,,,,,,,,,,,,,,
203.0960,396334.763,5859219.711,090000,29072025,0.000,,Nav Marker,,,,,1029,1009,0.04,-0.23,0,0,0,0,0,,,,,,,,,,,,,,,,,,
203.1080,396333.312,5859207.793,090000,29072025,0.000,,Nav Marker,,,,,1030,1007,0.04,0.17,0,0,0,0,0,,,,,,,,,,,,,,,,,,
203.1200,396331.860,5859195.875,090000,29072025,0.000,,Nav Marker,,,,,1030,1007,0.02,0.03,0,0,0,0,0,,,,,,,,,,,,,,,,,,
203.1320,396330.409,5859183.956,090000,29072025,0.000,,Nav Marker,,,,,1007,1003,0.07,-0.07,0,0,0,0,1,,,,,,,,,,,,,,,,,,
203.1440,396328.957,5859172.038,090000,29072025,0.000,,Nav Marker,,,,,1000,1005,0.05,-0.06,0,0,0,0,0,,,,,,,,,,,,,,,,,,
203.1560,396327.506,5859160.120,090000,29072025,0.000,,Nav Marker,,,,,1030,1003,0.04,-0.14,0,0,0,0,0,,,,,,,,,,,,,,,,,,
203.1680,396326.055,5859148.202,090000,29072025,0.000,,Nav Marker,,,,,1036,1007,0.04,-0.07,0,0,0,0,1,,,,,,,,,,,,,,,,,,
203.1800,396324.603,5859136.283,090000,29072025,0.000,,Nav Marker,,,,,1038,1009,0.04,-0.08,0,0,0,0,0,,,,,,,,,,,,,,,,,,
203.1920,396323.152,5859124.365,090000,29072025,0.000,,Nav Marker,,,,,1027,1009,0.05,0.03,0,0,0,0,1,,,,,,,,,,,,,,,,,,
203.2040,396321.700,5859112.447,090000,29072025,0.000,,Nav Marker,,,,,1028,1004,0.05,0.15,0,0,0,0,1,,,,,,,,,,,,,,,,,,
203.2160,396320.249,5859100.529,090000,29072025,0.000,,Nav Marker,,,,,1035,1010,0.04,-0.03,0,0,0,0,1,,,,,,,,,,,,,,,,,,
203.2280,396318.797,5859088.610,090000,29072025,0.000,,Nav Marker,,,,,1031,1010,0.06,0.01,0,0,0,0,1,,,,,,,,,,,,,,,,,,
203.2400,396317.346,5859076.692,090000,29072025,0.000,,Nav Marker,,,,,1033,1014,0.05,-0.01,0,0,0,0,0,,,,,,,,,,,,,,,,,,
203.2520,396315.894,5859064.774,090000,29072025,0.000,,Nav Marker,,,,,1035,1013,0.02,-0.06,0,0,0,0,0,,,,,,,,,,,,,,,,,,
203.2640,396314.443,5859052.856,090000,29072025,0.000,,Nav Marker,,,,,1030,1008,0.03,-0.21,0,0,0,0,0,,,,,,,,,,,,,,,,,,
203.2760,396312.991,5859040.937,090000,29072025,0.000,,Nav Marker,,,,,1030,1013,0.05,0.08,0,0,0,0,1,,,,,,,,,,,,,,,,,,
203.2880,396311.540,5859029.019,090000,29072025,0.000,,Nav Marker,,,,,1031,1012,0.03,0.14,0,0,0,0,1,,,,,,,,,,,,,,,,,,
203.3000,396310.088,5859017.101,090000,29072025,0.000,,Nav Marker,,,,,1031,1011,0.05,0.16,0,0,0,0,0,,,,,,,,,,,,,,,,,,
203.3120,396308.637,5859005.183,090000,29072025,0.000,,Nav Marker,,,,,1032, 998,0.03,0.05,0,0,0,0,1,,,,,,,,,,,,,,,,,,
203.3240,396307.185,5858993.264,090000,29072025,0.000,,Nav Marker,,,,,1031,1006,0.02,0.02,0,0,0,0,0,,,,,,,,,,,,,,,,,,
203.3360,396305.734,5858981.346,090000,29072025,0.000,,Nav Marker,,,,,1031,1008,0.03,0.14,0,0,0,0,0,,,,,,,,,,,,,,,,,,
203.3480,396304.282,5858969.428,090000,29072025,0.000,,Nav Marker,,,,,1027,1012,0.04,0.01,0,0,0,0,1,,,,,,,,,,,,,,,,,,
203.3600,396302.831,5858957.510,090000,29072025,0.000,,Nav Marker,,,,,1032,1008,0.04,0.02,0,0,0,0,1,,,,,,,,,,,,,,,,,,
203.3720,396301.379,5858945.591,090000,29072025,0.000,,Nav Marker,,,,,1033,1011,0.03,-0.17,0,0,0,0,1,,,,,,,,,,,,,,,,,,
203.3840,396299.928,5858933.673,090000,29072025,0.000,,Nav Marker,,,,,1028,1005,0.01,-0.38,0,0,0,0,0,,,,,,,,,,,,,,,,,,
203.3960,396298.477,5858921.755,090000,29072025,0.000,,Nav Marker,,,,,1025,1011,0.04,-0.04,0,0,0,0,1,,,,,,,,,,,,,,,,,,
203.4080,396297.025,5858909.837,090000,29072025,0.000,,Nav Marker,,,,,1027,1005,0.04,0.09,0,0,0,0,1,,,,,,,,,,,,,,,,,,
203.4200,396295.574,5858897.918,090000,29072025,0.000,,Nav Marker,,,,,1019,1007,0.03,0.06,0,0,0,0,0,,,,,,,,,,,,,,,,,,
203.4320,396294.122,5858886.000,090000,29072025,0.000,,Nav Marker,,,,,1024,1006,0.05,0.13,0,0,0,0,1,,,,,,,,,,,,,,,,,,
203.4440,396292.671,5858874.082,090000,29072025,0.000,,Nav Marker,,,,,1024,1006,0.08,0.06,0,0,0,0,1,,,,,,,,,,,,,,,,,,
200.8400,396568.749,5861463.460,090000,29072025,2.220,,Exposed_start,,,,,1039,1020,0.05,-0.2,7,1,0,0,1,,,,,,,,,,,,,,,,,,
200.8870,396563.842,5861416.709,090000,29072025,-1.020,,Exposed_end,,,,,1039,1020,0.06,-0.23,7,2,0,0,1,,,,,,,,,,,,,,,,,,
200.8880,396563.753,5861415.715,090000,29072025,-1.060,,Exposed_start,,,,,1039,1020,0.1,-0.25,7,1,0,0,1,,,,,,,,,,,,,,,,,,
200.8950,396563.340,5861408.696,090000,29072025,-1.540,,Exposed_end,,,,,1039,1020,0.02,-0.22,7,2,0,0,1,,,,,,,,,,,,,,,,,,
201.3200,396511.084,5860986.236,090000,29072025,-0.030,,Exposed_start,,,,,1039,1020,0.04,0.08,7,1,0,0,1,,,,,,,,,,,,,,,,,,
201.3210,396510.925,5860985.246,090000,29072025,0.010,,Exposed_end,,,,,1039,1020,0.03,0.14,7,2,0,0,1,,,,,,,,,,,,,,,,,,
201.3240,396510.449,5860982.277,090000,29072025,0.150,,Exposed_start,,,,,1039,1020,0.08,0.16,7,1,0,0,1,,,,,,,,,,,,,,,,,,
201.3380,396508.968,5860968.357,090000,29072025,0.000,,Exposed_end,,,,,1039,1020,0.03,0.02,7,2,0,0,1,,,,,,,,,,,,,,,,,,
201.4090,396500.628,5860898.146,090000,29072025,-0.110,,Exposed_start,,,,,1039,1020,0.06,0.09,7,1,0,0,1,,,,,,,,,,,,,,,,,,
201.5280,396489.458,5860779.827,090000,29072025,0.430,,Exposed_end,,,,,1039,1020,0.1,0.35,7,2,0,0,1,,,,,,,,,,,,,,,,,,
201.5290,396489.373,5860778.832,090000,29072025,0.430,,Exposed_start,,,,,1039,1020,0.1,0.35,7,1,0,0,1,,,,,,,,,,,,,,,,,,
201.5660,396486.537,5860741.981,090000,29072025,0.010,,Exposed_end,,,,,1039,1020,0.06,0.27,7,2,0,0,1,,,,,,,,,,,,,,,,,,
201.5690,396486.214,5860739.001,090000,29072025,0.070,,Exposed_start,,,,,1039,1020,0.1,0.22,7,1,0,0,1,,,,,,,,,,,,,,,,,,
201.5750,396485.660,5860733.033,090000,29072025,0.100,,Exposed_end,,,,,1039,1020,0.06,0.29,7,2,0,0,1,,,,,,,,,,,,,,,,,,
201.5760,396485.579,5860732.038,090000,29072025,0.090,,Exposed_start,,,,,1039,1020,0.05,0.27,7,1,0,0,1,,,,,,,,,,,,,,,,,,
201.6050,396483.317,5860703.158,090000,29072025,-0.200,,Exposed_end,,,,,1039,1020,0.07,0.27,7,2,0,0,1,,,,,,,,,,,,,,,,,,
201.6060,396483.243,5860702.162,090000,29072025,-0.220,,Exposed_start,,,,,1039,1020,0.07,0.25,7,1,0,0,1,,,,,,,,,,,,,,,,,,
201.6210,396482.106,5860687.221,090000,29072025,-0.400,,Exposed_end,,,,,1039,1020,0.07,0.17,7,2,0,0,1,,,,,,,,,,,,,,,,,,
201.6260,396481.760,5860682.238,090000,29072025,-0.490,,Exposed_start,,,,,1039,1020,0.06,0.17,7,1,0,0,1,,,,,,,,,,,,,,,,,,
201.6710,396478.270,5860637.422,090000,29072025,-0.960,,Exposed_end,,,,,1039,1020,0.09,0.5,7,2,0,0,1,,,,,,,,,,,,,,,,,,
201.6740,396477.911,5860634.446,090000,29072025,-0.870,,Exposed_start,,,,,1039,1020,0.09,0.46,7,1,0,0,1,,,,,,,,,,,,,,,,,,
201.7650,396469.746,5860543.860,090000,29072025,-0.980,,Exposed_end,,,,,1039,1020,0.1,0.19,7,2,0,0,1,,,,,,,,,,,,,,,,,,
201.7690,396469.430,5860539.868,090000,29072025,-1.070,,Exposed_start,,,,,1039,1020,0.08,0.24,7,1,0,0,1,,,,,,,,,,,,,,,,,,
201.8230,396465.189,5860485.969,090000,29072025,-2.250,,Exposed_end,,,,,1039,1020,0.07,0.37,7,2,0,0,1,,,,,,,,,,,,,,,,,,
201.8240,396465.095,5860484.973,090000,29072025,-2.260,,Exposed_start,,,,,1039,1020,0.07,0.38,7,1,0,0,1,,,,,,,,,,,,,,,,,,
201.8250,396465.000,5860483.976,090000,29072025,-2.270,,Exposed_end,,,,,1039,1020,0.06,0.39,7,2,0,0,1,,,,,,,,,,,,,,,,,,
201.8260,396464.906,5860482.980,090000,29072025,-2.270,,Exposed_start,,,,,1039,1020,0.13,0.4,7,1,0,0,1,,,,,,,,,,,,,,,,,,
202.2700,396418.040,5860041.041,090000,29072025,0.000,,Exposed_end,,,,,1039,1020,0.02,-0.05,7,2,0,0,1,,,,,,,,,,,,,,,,,,
202.5860,396384.105,5859726.896,090000,29072025,1.500,,Exposed_start,,,,,1047,1021,-0.01,-0.07,7,1,0,0,1,,,,,,,,,,,,,,,,,,
202.5870,396384.037,5859725.898,090000,29072025,1.470,,Exposed_end,,,,,1046,1022,0.0,-0.07,7,2,0,0,1,,,,,,,,,,,,,,,,,,
202.5910,396383.767,5859721.905,090000,29072025,1.330,,Exposed_start,,,,,1045,1021,0.05,0.02,7,1,0,0,1,,,,,,,,,,,,,,,,,,
202.5920,396383.705,5859720.906,090000,29072025,1.290,,Exposed_end,,,,,1046,1021,0.03,0.02,7,2,0,0,1,,,,,,,,,,,,,,,,,,
203.0170,396344.030,5859298.089,090000,29072025,-1.140,,Exposed_start,,,,,1032,1010,0.07,0.12,7,1,0,0,1,,,,,,,,,,,,,,,,,,
203.0640,396338.634,5859251.493,090000,29072025,0.000,,Exposed_end,,,,,1034,1013,0.22,0.17,7,2,0,0,1,,,,,,,,,,,,,,,,,,
